0.00238955	924	418.489	19q_001
0.00254068	969	393.595	19q_002
0.00255778	910	390.964	19q_003
0.00258387	880	387.016	19q_004
0.00302341	1088	330.752	19q_005
0.00287969	1093	347.26	19q_006
0.00336987	1294	296.747	19q_007
0.00327871	1305	304.998	19q_008
0.00263917	944	378.907	19q_009
0.00235768	1102	424.146	19q_010
0.00310700	1249	321.854	19q_011
0.00317255	1183	315.204	19q_012
0.00278755	1018	358.738	19q_013
0.00303171	1144	329.847	19q_014
0.00315245	1190	317.214	19q_015
0.00183387	701	545.295	19q_016
0.00254749	1007	392.543	19q_017
0.00318206	1271	314.262	19q_018
0.00253392	963	394.645	19q_019
0.00326839	1275	305.961	19q_020
0.00330525	1278	302.549	19q_021
0.00313660	1194	318.817	19q_022
0.00352392	1327	283.775	19q_023
0.00281987	927	354.626	19q_024
0.00241523	1160	414.039	19q_025
0.00227589	1056	439.389	19q_026
0.00197937	888	505.211	19q_027
0.00286811	991	348.662	19q_028
0.00267643	1037	373.632	19q_029
0.00306518	1140	326.245	19q_030
0.00294960	1113	339.029	19q_031
0.00329750	1186	303.26	1p_001
0.00269425	967	371.161	1p_002
0.00249295	956	401.131	1p_003
0.00331212	1253	301.921	1p_004
0.00315438	1203	317.02	1p_005
0.00266894	1034	374.681	1p_006
0.00237738	929	420.631	1p_007
0.00341789	1309	292.578	1p_008
0.00287482	1068	347.848	1p_009
0.00170198	659	587.551	1p_010
0.00238585	891	419.138	1p_011
0.00291955	1148	342.519	1p_012
0.00229576	904	435.586	1p_013
0.00234828	907	425.844	1p_014
0.00323464	1174	309.153	1p_015
0.00288919	1062	346.118	1p_016
0.00317763	1249	314.7	1p_017
0.00209160	871	478.103	1p_018
0.00360895	1346	277.089	1p_019
0.00348105	1331	287.27	1p_020
0.00232973	1005	429.234	1p_021
0.00296278	1091	337.521	1p_022
0.00277013	1059	360.994	1p_023
0.00240820	923	415.248	1p_024
0.00091394	358	1094.16	1p_025
0.00013338	46	7497.38	1p_026
0.00267611	1019	373.677	1p_027
0.00280881	1137	356.023	1p_028
0.00272778	1059	366.598	1p_029
0.00300789	1118	332.459	1p_030
0.00314158	1180	318.311	1p_031
0.00294233	1167	339.867	1p_032
0.00284276	1026	351.771	1p_033
0.00249351	928	401.041	1p_034
0.00284498	1041	351.496	1p_035
0.00246214	970	406.151	1p_036
0.00222086	981	450.276	1p_037
0.00256048	952	390.552	1p_038
0.00236030	893	423.675	1p_039
0.00275891	1015	362.462	1p_040
0.00226829	1018	440.861	1p_041
0.00194089	871	515.228	1p_042
0.00194489	721	514.168	1p_043
0.00236876	1063	422.162	1p_044
0.00250185	913	399.704	1p_045
0.00144465	571	692.209	1p_046
0.00289699	1075	345.186	1p_047
0.00213199	947	469.045	1p_049
0.00317039	1105	315.419	1p_050
0.00202841	932	492.997	1p_051
0.00283882	1047	352.259	1p_052
0.00281897	1024	354.739	1p_053
0.00295140	1141	338.822	1p_054
0.00295622	1126	338.27	1p_055
0.00340697	1259	293.516	1p_056
0.00265818	1001	376.197	1p_057
0.00265051	981	377.286	1p_058
0.00285993	1023	349.659	1p_059
0.00140526	535	711.612	ATRX_001
0.00130872	470	764.105	ATRX_002
0.00044931	163	2225.63	ATRX_003
0.00114791	431	871.148	ATRX_004
0.00183751	678	544.215	ATRX_005
0.00247827	952	403.507	ATRX_006
0.00148529	552	673.269	ATRX_007
0.00088466	311	1130.38	ATRX_008
0.00125103	477	799.341	ATRX_009
0.00139278	538	717.988	ATRX_010
0.00211632	910	472.518	ATRX_011
0.00186503	729	536.184	ATRX_012
0.00207827	899	481.169	ATRX_013
0.00212179	873	471.3	ATRX_014
0.00051320	182	1948.56	ATRX_015
0.00041790	165	2392.92	ATRX_016
0.00069739	244	1433.92	ATRX_017
0.00179109	658	558.319	ATRX_018
0.00161145	595	620.559	ATRX_019
0.00115051	401	869.18	ATRX_020
0.00224999	954	444.446	ATRX_021
0.00180302	683	554.625	ATRX_022
0.00095666	361	1045.3	ATRX_023
0.00234673	1051	426.125	ATRX_024
0.00107343	404	931.593	ATRX_025
0.00139481	512	716.944	ATRX_026
0.00088685	302	1127.59	ATRX_027
0.00184102	662	543.177	ATRX_028
0.00178915	637	558.925	ATRX_029
0.00197353	732	506.706	ATRX_030
0.00154246	597	648.315	ATRX_031
0.00155871	564	641.556	ATRX_032
0.00085588	307	1168.39	ATRX_033
0.00114526	437	873.164	ATRX_034
0.00185895	680	537.938	ATRX_035
0.00247322	910	404.331	ATRX_036
0.00110209	431	907.367	ATRX_037
0.00113115	413	884.056	ATRX_038
0.00080642	322	1240.05	ATRX_039
0.00006081	22	16444.7	ATRX_040
0.00188952	704	529.235	ATRX_041
0.00149468	544	669.04	ATRX_042
0.00179331	665	557.628	ATRX_043
0.00086889	313	1150.89	ATRX_044
0.00154979	591	645.249	ATRX_045
0.00104761	412	954.554	ATRX_046
0.00154760	600	646.162	ATRX_047
0.00059531	213	1679.8	ATRX_048
0.00068564	244	1458.49	ATRX_049
0.00188597	680	530.231	ATRX_050
0.00190964	713	523.659	ATRX_051
0.00201349	872	496.65	ATRX_052
0.00087808	330	1138.85	ATRX_053
0.00048856	193	2046.83	ATRX_054
0.00068258	263	1465.03	ATRX_055
0.00113233	421	883.135	ATRX_056
0.00180285	666	554.677	ATRX_057
0.00222811	849	448.811	ATRX_058
0.00029745	117	3361.91	ATRX_059
0.00073034	292	1369.23	ATRX_060
0.00159268	603	627.873	ATRX_061
0.00126906	456	787.985	ATRX_062
0.00157518	580	634.848	ATRX_063
0.00063955	250	1563.6	ATRX_064
0.00106741	403	936.847	ATRX_065
0.00232650	863	429.83	ATRX_066
0.00138371	556	722.695	ATRX_067
0.00198673	874	503.34	ATRX_068
0.00120610	475	829.119	ATRX_069
0.00101921	363	981.152	ATRX_070
0.00133001	479	751.874	ATRX_071
0.00202654	891	493.452	ATRX_072
0.00109723	414	911.386	ATRX_073
0.00065730	243	1521.38	ATRX_074
0.00133694	494	747.977	ATRX_075
0.00174851	656	571.916	ATRX_076
0.00127585	486	783.791	ATRX_077
0.00116586	465	857.736	ATRX_078
0.00095770	368	1044.17	ATRX_079
0.00129422	499	772.666	ATRX_080
0.00137120	543	729.288	ATRX_081
0.00151443	606	660.314	ATRX_082
0.00145463	567	687.46	ATRX_083
0.00094830	360	1054.52	ATRX_084
0.00136736	517	731.336	ATRX_085
0.00056682	203	1764.23	ATRX_086
0.00089230	315	1120.7	ATRX_087
0.00156871	576	637.466	ATRX_088
0.00120180	438	832.085	ATRX_089
0.00130494	500	766.319	ATRX_090
0.00229041	881	436.603	ATRX_091
0.00081300	303	1230.01	ATRX_092
0.00116598	442	857.648	ATRX_093
0.00171479	683	583.162	ATRX_094
0.00192818	743	518.624	ATRX_095
0.00116845	427	855.835	ATRX_096
0.00143655	548	696.112	ATRX_097
0.00127260	464	785.793	ATRX_098
0.00125735	488	795.323	ATRX_099
0.00200524	883	498.693	ATRX_100
0.00162688	596	614.673	ATRX_101
0.00141481	544	706.809	ATRX_102
0.00074044	273	1350.55	ATRX_103
0.00172763	626	578.828	ATRX_104
0.00130290	510	767.519	ATRX_105
0.00168870	601	592.171	ATRX_106
0.00052983	209	1887.4	ATRX_107
0.00109417	433	913.935	ATRX_108
0.00183169	718	545.944	ATRX_109
0.00129879	514	769.947	ATRX_110
0.00107243	421	932.462	ATRX_111
0.00156079	578	640.701	ATRX_112
0.00160725	630	622.181	ATRX_113
0.00096725	369	1033.86	ATRX_114
0.00099138	379	1008.69	ATRX_115
0.00100309	389	996.92	ATRX_116
0.00102145	394	979	ATRX_117
0.00171609	667	582.72	ATRX_118
0.00019904	76	5024.12	ATRX_119
0.00127439	492	784.689	ATRX_120
0.00119593	446	836.169	ATRX_121
0.00192190	764	520.318	ATRX_122
0.00017669	59	5659.63	ATRX_123
0.00144421	576	692.42	ATRX_124
0.00098340	375	1016.88	ATRX_125
0.00136294	511	733.708	ATRX_126
0.00098018	401	1020.22	ATRX_127
0.00113616	431	880.158	ATRX_128
0.00165627	620	603.766	ATRX_129
0.00164626	600	607.437	ATRX_130
0.00133840	488	747.161	ATRX_131
0.00060442	219	1654.48	ATRX_132
0.00075736	300	1320.38	ATRX_133
0.00096665	365	1034.5	ATRX_134
0.00124673	448	802.098	ATRX_135
0.00056432	202	1772.04	ATRX_136
0.00131229	502	762.027	ATRX_137
0.00255871	940	390.822	ATRX_138
0.00084811	318	1179.09	ATRX_139
0.00177174	678	564.417	ATRX_140
0.00200770	920	498.082	ATRX_141
0.00099514	367	1004.88	ATRX_142
0.00173695	681	575.722	ATRX_143
0.00187275	678	533.974	ATRX_144
0.00215512	898	464.011	ATRX_145
0.00156211	579	640.16	ATRX_146
0.00049443	198	2022.53	ATRX_147
0.00190816	703	524.065	ATRX_148
0.00188026	697	531.841	ATRX_149
0.00101483	389	985.387	ATRX_150
0.00023530	108	4249.89	ATRX_151
0.00084957	312	1177.07	ATRX_152
0.00193506	726	516.78	ATRX_153
0.00224780	863	444.879	ATRX_154
0.00148076	569	675.329	ATRX_155
0.00175513	661	569.758	ATRX_156
0.00145120	536	689.085	ATRX_157
0.00203942	938	490.335	ATRX_158
0.00196076	844	510.006	ATRX_159
0.00285485	1076	350.281	BRAF_001
0.00144261	565	693.188	BRAF_002
0.00380473	1407	262.831	BRAF_003
0.00130109	474	768.586	BRAF_004
0.00282328	1069	354.198	BRAF_005
0.00137645	515	726.507	BRAF_006
0.00337626	1242	296.186	BRAF_007
0.00208987	901	478.499	BRAF_008
0.00275455	1049	363.036	BRAF_009
0.00253234	984	394.892	BRAF_010
0.00261162	988	382.904	BRAF_011
0.00250447	899	399.286	BRAF_012
0.00210005	817	476.179	BRAF_013
0.00396737	1498	252.056	BRAF_014
0.00148097	499	675.233	BRAF_015
0.00233708	871	427.884	CDKN2A_001
0.00144085	568	694.035	CDKN2A_002
0.00311117	1173	321.422	CDKN2A_003
0.00267396	949	373.977	CDKN2A_004
0.00286433	1029	349.122	CDKN2A_005
0.00097532	368	1025.3	CDKN2A_006
0.00097328	378	1027.45	CDKN2A_007
0.00103392	391	967.193	CDKN2A_008
0.00288568	1070	346.539	CDKN2A_009
0.00262845	943	380.452	CDKN2A_010
0.00181033	661	552.385	CDKN2A_011
0.00141083	525	708.803	CDKN2A_012
0.00276791	1052	361.283	CDKN2A_013
0.00082303	328	1215.02	CDKN2A_014
0.00337315	1221	296.459	CDKN2A_015
0.00260592	1005	383.742	CDKN2A_016
0.00278334	1061	359.281	CDKN2A_017
0.00074297	297	1345.95	CDKN2A_018
0.00127577	486	783.84	CDKN2A_019
0.00094845	369	1054.35	CDKN2A_020
0.00184401	706	542.296	CDKN2A_021
0.00007594	29	13168.3	CDKN2A_022
0.00270439	1083	369.769	CDKN2B_001
0.00102619	394	974.478	CDKN2B_002
0.00115568	420	865.291	CDKN2B_003
0.00214011	919	467.266	CDKN2B_004
0.00197162	860	507.197	CDKN2B_005
0.00222120	842	450.207	CDKN2B_006
0.00091188	352	1096.64	CDKN2B_007
0.00081903	312	1220.96	CDKN2B_008
0.00309091	1171	323.529	CDKN2B_009
0.00219314	936	455.967	CTNNB1_001
0.00090173	347	1108.98	CTNNB1_002
0.00252705	980	395.718	CTNNB1_003
0.00164073	642	609.485	CTNNB1_004
0.00181894	730	549.771	CTNNB1_005
0.00244261	965	409.398	EGFR_001
0.00102674	398	973.956	EGFR_002
0.00175615	660	569.427	EGFR_003
0.00232490	884	430.126	EGFR_004
0.00190333	718	525.395	EGFR_005
0.00158282	584	631.784	EGFR_006
0.00343538	1316	291.089	EGFR_007
0.00304348	1168	328.571	EGFR_008
0.00201835	765	495.454	EGFR_009
0.00430769	1615	232.143	EGFR_010
0.00478250	1855	209.096	EGFR_011
0.00302940	1176	330.098	EGFR_012
0.00377291	1438	265.047	EGFR_013
0.00286762	1075	348.721	EGFR_014
0.00168125	638	594.796	EGFR_015
0.00152053	552	657.665	EGFR_016
0.00405595	1541	246.551	EGFR_017
0.00202207	806	494.543	EGFR_018
0.00329962	1240	303.065	EGFR_019
0.00356901	1338	280.19	EGFR_020
0.00147166	563	679.505	EGFR_021
0.00219656	858	455.257	EGFR_022
0.00307070	1209	325.659	EGFR_023
0.00308110	1192	324.559	EGFR_024
0.00250588	964	399.061	EGFR_025
0.00223931	919	446.566	EGFR_026
0.00143408	571	697.311	EGFR_027
0.00323205	1212	309.401	EGFR_028
0.00375311	1447	266.446	EGFR_029
0.00339575	1334	294.486	EGFR_030
0.00273816	1105	365.209	EGFR_031
0.00348987	1343	286.544	EGFR_032
0.00197256	773	506.955	EGFR_033
0.00431097	1661	231.966	EGFR_034
0.00301480	1125	331.697	EGFR_035
0.00206463	792	484.348	EGFR_036
0.00191414	748	522.428	EGFR_037
0.00311028	1159	321.514	EGFR_038
0.00414454	1584	241.281	EGFR_039
0.00179306	703	557.706	EGFR_040
0.00436657	1624	229.013	EGFR_041
0.00296064	1132	337.765	GNAS_001
0.00214176	890	466.906	GNAS_002
0.00289488	1148	345.437	H3F3A_001
0.00103877	384	962.677	H3F3A_002
0.00131204	509	762.172	H3F3A_003
0.00243559	981	410.578	H3F3B_001
0.00171080	671	584.522	H3F3B_002
0.00388814	1534	257.192	H3F3B_003
0.00132865	504	752.644	H3F3B_004
0.00099445	394	1005.58	HIST1H3B_001
0.00278174	1074	359.487	HIST1H3B_002
0.00240282	966	416.178	HIST1H3B_003
0.00254159	991	393.454	HIST1H3B_004
0.00220081	920	454.378	HIST1H3C_001
0.00165479	618	604.306	HIST1H3C_002
0.00137591	551	726.792	HIST1H3C_003
0.00274630	1025	364.126	HIST1H3C_004
0.00187867	710	532.291	IDH1_001
0.00242553	929	412.281	IDH1_002
0.00286945	1016	348.499	IDH2_001
0.00173056	648	577.848	IDH2_002
0.00321063	1226	311.465	IDH2_003
0.00268428	979	372.539	KRAS_001
0.00195876	775	510.527	KRAS_002
0.00141348	535	707.474	KRAS_003
0.00216843	951	461.163	KRAS_004
0.00299451	1099	333.944	KRAS_005
0.00133738	497	747.731	KRAS_006
0.00095577	355	1046.28	KRAS_007
0.00238969	917	418.464	KRAS_008
0.00189246	708	528.413	KRAS_009
0.00161945	641	617.494	KRAS_010
0.00209177	915	478.064	PDGFRA_001
0.00277755	1014	360.03	PDGFRA_002
0.00127907	476	781.818	PDGFRA_003
0.00182957	672	546.577	PDGFRA_004
0.00289021	1053	345.996	PDGFRA_005
0.00259774	934	384.95	PDGFRA_006
0.00202711	905	493.313	PDGFRA_007
0.00130004	459	769.207	PDGFRA_008
0.00305964	1063	326.836	PDGFRA_009
0.00228227	995	438.16	PDGFRA_010
0.00129111	478	774.527	PDGFRA_011
0.00292114	1016	342.332	PDGFRA_012
0.00254171	968	393.436	PDGFRA_013
0.00204550	897	488.878	PDGFRA_014
0.00117650	410	849.979	PDGFRA_015
0.00241151	874	414.678	PDGFRA_016
0.00251085	942	398.272	PDGFRA_017
0.00099615	358	1003.86	PDGFRA_018
0.00222507	1024	449.424	PDGFRA_019
0.00246427	913	405.8	PDGFRA_020
0.00251181	893	398.119	PDGFRA_021
0.00125848	456	794.609	PDGFRA_022
0.00234469	859	426.496	PDGFRA_023
0.00330874	1143	302.23	PDGFRA_024
0.00296048	1012	337.783	PDGFRA_025
0.00116153	412	860.933	PIK3CA_001
0.00147546	557	677.755	PIK3CA_002
0.00157975	595	633.012	PIK3CA_003
0.00142125	524	703.606	PIK3CA_004
0.00171321	608	583.7	PIK3CA_005
0.00123426	451	810.202	PIK3CA_006
0.00128098	481	780.652	PIK3CA_007
0.00179758	678	556.303	PIK3CA_008
0.00156244	605	640.025	PIK3CA_009
0.00206598	809	484.032	PIK3CA_010
0.00114644	437	872.265	PIK3CA_011
0.00128848	484	776.108	PIK3CA_012
0.00188656	692	530.065	PIK3CA_013
0.00070047	241	1427.61	PIK3CA_014
0.00289123	1052	345.874	PIK3CA_015
0.00120611	483	829.112	PIK3CA_016
0.00169199	655	591.02	PIK3CA_017
0.00028275	101	3536.69	PIK3CA_018
0.00219496	871	455.589	PIK3CA_019
0.00099809	379	1001.91	PIK3CA_020
0.00151778	581	658.857	PIK3CA_021
0.00181716	723	550.309	PIK3CA_022
0.00167009	634	598.77	PIK3CA_023
0.00243099	950	411.355	PIK3CA_024
0.00092172	355	1084.93	PIK3CA_025
0.00253919	951	393.826	PIK3CA_026
0.00089985	358	1111.3	PIK3CA_027
0.00125559	484	796.438	PIK3CA_028
0.00173704	642	575.692	PIK3CA_029
0.00233480	927	428.302	PIK3CA_030
0.00133107	502	751.275	PIK3CA_031
0.00245013	984	408.142	PIK3CA_032
0.00203832	874	490.6	PIK3CA_033
0.00116184	422	860.704	PIK3CA_034
0.00198665	773	503.36	PIK3CA_035
0.00130452	524	766.565	PIK3CA_036
0.00165358	586	604.748	PIK3CA_037
0.00263853	1019	378.999	PIK3CA_038
0.00216877	913	461.091	PIK3CA_039
0.00168594	630	593.141	PIK3CA_040
0.00299363	1101	334.043	PIK3CA_041
0.00200561	782	498.601	PIK3CA_042
0.00134088	481	745.779	PIK3CA_043
0.00117450	452	851.426	PIK3CA_044
0.00177658	671	562.879	PIK3CA_045
0.00104499	410	956.947	PIK3CA_046
0.00252036	919	396.769	PIK3CA_047
0.00268799	1012	372.025	PIK3CA_048
0.00249942	960	400.093	PIK3CA_049
0.00081226	298	1231.13	PIK3CA_050
0.00111015	414	900.779	PIK3CA_051
0.00083975	325	1190.83	PIK3CA_052
0.00237493	857	421.065	PIK3CA_053
0.00213128	934	469.202	PIK3CA_054
0.00266155	1000	375.721	PIK3CA_055
0.00084048	322	1189.8	PIK3CA_056
0.00106507	403	938.905	PIK3CA_057
0.00311780	1186	320.739	PIK3CA_058
0.00291862	1110	342.628	PTEN_001
0.00146564	570	682.296	PTEN_002
0.00235692	894	424.283	PTEN_003
0.00137781	540	725.789	PTEN_004
0.00194608	737	513.853	PTEN_005
0.00178236	710	561.054	PTEN_006
0.00118688	461	842.545	PTEN_007
0.00310586	1153	321.972	PTEN_008
0.00180879	722	552.856	PTEN_009
0.00081140	308	1232.44	PTEN_010
0.00116435	431	858.848	PTEN_011
0.00176634	705	566.142	PTEN_012
0.00210227	853	475.676	PTEN_013
0.00168377	655	593.905	PTEN_014
0.00176803	645	565.601	PTEN_015
0.00082538	330	1211.56	PTEN_016
0.00262231	965	381.343	PTEN_017
0.00168318	651	594.114	PTEN_018
0.00138587	523	721.568	PTEN_019
0.00096623	378	1034.95	PTEN_020
0.00074235	278	1347.07	PTEN_021
0.00153702	584	650.61	PTEN_022
0.00078395	313	1275.59	PTEN_023
0.00194197	733	514.941	PTEN_024
0.00064543	258	1549.35	PTEN_025
0.00165113	617	605.646	PTEN_026
0.00072647	258	1376.52	PTEN_027
0.00203863	775	490.525	PTEN_028
0.00168847	655	592.252	TERT_001
0.00034548	136	2894.52	TERT_002
0.00083327	313	1200.09	TERT_003
0.00250707	972	398.872	TP53_001
0.00226288	992	441.915	TP53_002
0.00270330	1036	369.918	TP53_003
0.00276868	1081	361.183	TP53_004
0.00268766	1062	372.071	TP53_005
0.00084019	328	1190.21	TP53_006
0.00139913	565	714.73	TP53_007
0.00216958	890	460.919	TP53_008
0.00162618	623	614.938	TP53_009
0.00143381	553	697.442	TP53_010
0.00118098	464	846.754	TP53_011
0.00302242	1195	330.861	TP53_012
0.00171119	634	584.389	TP53_013
0.00246065	952	406.397	TP53_014
0.00251242	986	398.023	TP53_015
0.00148270	590	674.445	TP53_016
0.00288339	1110	346.814	TP53_017
0.00284289	1130	351.755	TP53_018
0.00256585	1012	389.734	TP53_019
0.00175665	703	569.265	TP53_020
0.00135341	518	738.874	TP53_021
0.00279304	1071	358.033	TP53_022
0.00286974	1121	348.464	TP53_023
0.00200574	775	498.569	TP53_024
0.00121654	490	822.003	TP53_025
0.00061429	246	1627.9	TP53_026
0.00111754	447	894.823	TP53_027
0.00312604	1202	319.894	TP53_028
0.00020213	73	4947.31	TP53_029
0.00160757	630	622.057	TP53_030
