19q_001	255	213	1.197	-2.239	autosomal	0.000385534	552480	dc36e456	0.00238955	924	418.489	19q_001	0.161342	-2.63181
19q_002	294	236	1.246	-2.092	autosomal	0.000427165	552480	dc36e456	0.00254068	969	393.595	19q_002	0.16813	-2.57235
19q_003	406	325	1.249	-1.630	autosomal	0.000588257	552480	dc36e456	0.00255778	910	390.964	19q_003	0.229987	-2.12038
19q_004	378	287	1.317	-1.809	autosomal	0.000519476	552480	dc36e456	0.00258387	880	387.016	19q_004	0.201046	-2.3144
19q_005	413	345	1.197	-1.544	autosomal	0.000624457	552480	dc36e456	0.00302341	1088	330.752	19q_005	0.206541	-2.2755
19q_006	338	285	1.186	-1.819	autosomal	0.000515856	552480	dc36e456	0.00287969	1093	347.26	19q_006	0.179136	-2.48087
19q_007	394	320	1.231	-1.652	autosomal	0.000579206	552480	dc36e456	0.00336987	1294	296.747	19q_007	0.171878	-2.54054
19q_008	570	452	1.261	-1.154	autosomal	0.000818129	552480	dc36e456	0.00327871	1305	304.998	19q_008	0.249528	-2.00273
19q_009	332	278	1.194	-1.855	autosomal	0.000503186	552480	dc36e456	0.00263917	944	378.907	19q_009	0.190661	-2.39092
19q_010	314	267	1.176	-1.914	autosomal	0.000483275	552480	dc36e456	0.00235768	1102	424.146	19q_010	0.204979	-2.28645
19q_011	430	338	1.272	-1.573	autosomal	0.000611787	552480	dc36e456	0.00310700	1249	321.854	19q_011	0.196906	-2.34442
19q_012	465	377	1.233	-1.416	autosomal	0.000682378	552480	dc36e456	0.00317255	1183	315.204	19q_012	0.215088	-2.217
19q_013	397	319	1.245	-1.657	autosomal	0.000577396	552480	dc36e456	0.00278755	1018	358.738	19q_013	0.207134	-2.27136
19q_014	450	360	1.250	-1.482	autosomal	0.000651607	552480	dc36e456	0.00303171	1144	329.847	19q_014	0.214931	-2.21805
19q_015	342	292	1.171	-1.784	autosomal	0.000528526	552480	dc36e456	0.00315245	1190	317.214	19q_015	0.167656	-2.57642
19q_016	224	196	1.143	-2.359	autosomal	0.000354764	552480	dc36e456	0.00183387	701	545.295	19q_016	0.193451	-2.36996
19q_017	300	244	1.230	-2.043	autosomal	0.000441645	552480	dc36e456	0.00254749	1007	392.543	19q_017	0.173365	-2.52812
19q_018	348	277	1.256	-1.860	autosomal	0.000501376	552480	dc36e456	0.00318206	1271	314.262	19q_018	0.157563	-2.666
19q_019	302	255	1.184	-1.980	autosomal	0.000461555	552480	dc36e456	0.00253392	963	394.645	19q_019	0.182151	-2.45679
19q_020	476	397	1.199	-1.341	autosomal	0.000718578	552480	dc36e456	0.00326839	1275	305.961	19q_020	0.219857	-2.18536
19q_021	195	170	1.147	-2.565	autosomal	0.000307703	552480	dc36e456	0.00330525	1278	302.549	19q_021	0.0930952	-3.42515
19q_022	283	228	1.241	-2.141	autosomal	0.000412685	552480	dc36e456	0.00313660	1194	318.817	19q_022	0.131571	-2.92609
19q_023	296	247	1.198	-2.026	autosomal	0.000447075	552480	dc36e456	0.00352392	1327	283.775	19q_023	0.126869	-2.97859
19q_024	376	312	1.205	-1.689	autosomal	0.000564726	552480	dc36e456	0.00281987	927	354.626	19q_024	0.200267	-2.32
19q_025	410	346	1.185	-1.540	autosomal	0.000626267	552480	dc36e456	0.00241523	1160	414.039	19q_025	0.259299	-1.94731
19q_026	358	298	1.201	-1.755	autosomal	0.000539386	552480	dc36e456	0.00227589	1056	439.389	19q_026	0.237	-2.07704
19q_027	352	285	1.235	-1.819	autosomal	0.000515856	552480	dc36e456	0.00197937	888	505.211	19q_027	0.260616	-1.94
19q_028	371	334	1.111	-1.591	autosomal	0.000604547	552480	dc36e456	0.00286811	991	348.662	19q_028	0.210782	-2.24618
19q_029	341	289	1.180	-1.799	autosomal	0.000523096	552480	dc36e456	0.00267643	1037	373.632	19q_029	0.195445	-2.35517
19q_030	451	365	1.236	-1.462	autosomal	0.000660657	552480	dc36e456	0.00306518	1140	326.245	19q_030	0.215536	-2.214
19q_031	449	362	1.240	-1.474	autosomal	0.000655227	552480	dc36e456	0.00294960	1113	339.029	19q_031	0.222141	-2.17045
1p_001	244	208	1.173	-2.274	autosomal	0.000376484	552480	dc36e456	0.00329750	1186	303.26	1p_001	0.114173	-3.13071
1p_002	216	185	1.168	-2.443	autosomal	0.000334854	552480	dc36e456	0.00269425	967	371.161	1p_002	0.124285	-3.00828
1p_003	285	246	1.159	-2.032	autosomal	0.000445265	552480	dc36e456	0.00249295	956	401.131	1p_003	0.17861	-2.48512
1p_004	456	373	1.223	-1.431	autosomal	0.000675138	552480	dc36e456	0.00331212	1253	301.921	1p_004	0.203839	-2.2945
1p_005	242	197	1.228	-2.352	autosomal	0.000356574	552480	dc36e456	0.00315438	1203	317.02	1p_005	0.113041	-3.14508
1p_006	242	204	1.186	-2.302	autosomal	0.000369244	552480	dc36e456	0.00266894	1034	374.681	1p_006	0.138349	-2.85362
1p_007	199	172	1.157	-2.548	autosomal	0.000311323	552480	dc36e456	0.00237738	929	420.631	1p_007	0.130952	-2.93289
1p_008	239	202	1.183	-2.316	autosomal	0.000365624	552480	dc36e456	0.00341789	1309	292.578	1p_008	0.106974	-3.22467
1p_009	195	164	1.189	-2.617	autosomal	0.000296843	552480	dc36e456	0.00287482	1068	347.848	1p_009	0.103256	-3.2757
1p_010	145	127	1.142	-2.986	autosomal	0.000229873	552480	dc36e456	0.00170198	659	587.551	1p_010	0.135062	-2.88831
1p_011	244	206	1.184	-2.288	autosomal	0.000372864	552480	dc36e456	0.00238585	891	419.138	1p_011	0.156281	-2.67779
1p_012	309	246	1.256	-2.032	autosomal	0.000445265	552480	dc36e456	0.00291955	1148	342.519	1p_012	0.152512	-2.71301
1p_013	309	262	1.179	-1.941	autosomal	0.000474225	552480	dc36e456	0.00229576	904	435.586	1p_013	0.206566	-2.27533
1p_014	283	239	1.184	-2.073	autosomal	0.000432595	552480	dc36e456	0.00234828	907	425.844	1p_014	0.184218	-2.44051
1p_015	285	240	1.188	-2.067	autosomal	0.000434405	552480	dc36e456	0.00323464	1174	309.153	1p_015	0.134298	-2.89649
1p_016	329	266	1.237	-1.919	autosomal	0.000481465	552480	dc36e456	0.00288919	1062	346.118	1p_016	0.166644	-2.58516
1p_017	304	238	1.277	-2.079	autosomal	0.000430785	552480	dc36e456	0.00317763	1249	314.7	1p_017	0.135568	-2.88291
1p_018	166	132	1.258	-2.930	autosomal	0.000238923	552480	dc36e456	0.00209160	871	478.103	1p_018	0.11423	-3.12999
1p_019	291	232	1.254	-2.116	autosomal	0.000419925	552480	dc36e456	0.00360895	1346	277.089	1p_019	0.116357	-3.10337
1p_020	300	244	1.230	-2.043	autosomal	0.000441645	552480	dc36e456	0.00348105	1331	287.27	1p_020	0.126871	-2.97857
1p_021	246	199	1.236	-2.338	autosomal	0.000360194	552480	dc36e456	0.00232973	1005	429.234	1p_021	0.154608	-2.69331
1p_022	325	260	1.250	-1.952	autosomal	0.000470605	552480	dc36e456	0.00296278	1091	337.521	1p_022	0.158839	-2.65436
1p_023	255	205	1.244	-2.295	autosomal	0.000371054	552480	dc36e456	0.00277013	1059	360.994	1p_023	0.133948	-2.90026
1p_024	205	172	1.192	-2.548	autosomal	0.000311323	552480	dc36e456	0.00240820	923	415.248	1p_024	0.129276	-2.95147
1p_025	105	95	1.105	-3.404	autosomal	0.000171952	552480	dc36e456	0.00091394	358	1094.16	1p_025	0.188144	-2.41009
1p_026	7	7	1.000	-7.167	autosomal	1.26701e-05	552480	dc36e456	0.00013338	46	7497.38	1p_026	0.0949925	-3.39604
1p_027	215	187	1.150	-2.427	autosomal	0.000338474	552480	dc36e456	0.00267611	1019	373.677	1p_027	0.12648	-2.98302
1p_028	297	245	1.212	-2.038	autosomal	0.000443455	552480	dc36e456	0.00280881	1137	356.023	1p_028	0.15788	-2.6631
1p_029	372	301	1.236	-1.741	autosomal	0.000544816	552480	dc36e456	0.00272778	1059	366.598	1p_029	0.199729	-2.32388
1p_030	359	293	1.225	-1.779	autosomal	0.000530336	552480	dc36e456	0.00300789	1118	332.459	1p_030	0.176315	-2.50377
1p_031	305	236	1.292	-2.092	autosomal	0.000427165	552480	dc36e456	0.00314158	1180	318.311	1p_031	0.135971	-2.87863
1p_032	293	247	1.186	-2.026	autosomal	0.000447075	552480	dc36e456	0.00294233	1167	339.867	1p_032	0.151946	-2.71837
1p_033	252	205	1.229	-2.295	autosomal	0.000371054	552480	dc36e456	0.00284276	1026	351.771	1p_033	0.130526	-2.93759
1p_034	186	151	1.232	-2.736	autosomal	0.000273313	552480	dc36e456	0.00249351	928	401.041	1p_034	0.10961	-3.18955
1p_035	265	227	1.167	-2.148	autosomal	0.000410875	552480	dc36e456	0.00284498	1041	351.496	1p_035	0.144421	-2.79165
1p_036	206	170	1.212	-2.565	autosomal	0.000307703	552480	dc36e456	0.00246214	970	406.151	1p_036	0.124974	-3.0003
1p_037	320	272	1.176	-1.887	autosomal	0.000492326	552480	dc36e456	0.00222086	981	450.276	1p_037	0.221683	-2.17343
1p_038	340	270	1.259	-1.897	autosomal	0.000488705	552480	dc36e456	0.00256048	952	390.552	1p_038	0.190865	-2.38938
1p_039	293	250	1.172	-2.008	autosomal	0.000452505	552480	dc36e456	0.00236030	893	423.675	1p_039	0.191715	-2.38296
1p_040	314	268	1.172	-1.908	autosomal	0.000485085	552480	dc36e456	0.00275891	1015	362.462	1p_040	0.175825	-2.50779
1p_041	221	189	1.169	-2.412	autosomal	0.000342094	552480	dc36e456	0.00226829	1018	440.861	1p_041	0.150816	-2.72914
1p_042	283	240	1.179	-2.067	autosomal	0.000434405	552480	dc36e456	0.00194089	871	515.228	1p_042	0.223817	-2.15961
1p_043	274	226	1.212	-2.154	autosomal	0.000409065	552480	dc36e456	0.00194489	721	514.168	1p_043	0.210328	-2.24929
1p_044	346	282	1.227	-1.835	autosomal	0.000510426	552480	dc36e456	0.00236876	1063	422.162	1p_044	0.215482	-2.21436
1p_045	195	164	1.189	-2.617	autosomal	0.000296843	552480	dc36e456	0.00250185	913	399.704	1p_045	0.118649	-3.07523
1p_046	148	124	1.194	-3.020	autosomal	0.000224443	552480	dc36e456	0.00144465	571	692.209	1p_046	0.155362	-2.68629
1p_047	362	295	1.227	-1.770	autosomal	0.000533956	552480	dc36e456	0.00289699	1075	345.186	1p_047	0.184314	-2.43976
1p_049	278	239	1.163	-2.073	autosomal	0.000432595	552480	dc36e456	0.00213199	947	469.045	1p_049	0.202907	-2.30111
1p_050	304	242	1.256	-2.055	autosomal	0.000438025	552480	dc36e456	0.00317039	1105	315.419	1p_050	0.138161	-2.85558
1p_051	206	182	1.132	-2.466	autosomal	0.000329424	552480	dc36e456	0.00202841	932	492.997	1p_051	0.162405	-2.62233
1p_052	333	279	1.194	-1.850	autosomal	0.000504996	552480	dc36e456	0.00283882	1047	352.259	1p_052	0.177889	-2.49095
1p_053	357	277	1.289	-1.860	autosomal	0.000501376	552480	dc36e456	0.00281897	1024	354.739	1p_053	0.177858	-2.4912
1p_054	442	373	1.185	-1.431	autosomal	0.000675138	552480	dc36e456	0.00295140	1141	338.822	1p_054	0.228752	-2.12814
1p_055	397	321	1.237	-1.648	autosomal	0.000581017	552480	dc36e456	0.00295622	1126	338.27	1p_055	0.196541	-2.3471
1p_056	450	361	1.247	-1.478	autosomal	0.000653417	552480	dc36e456	0.00340697	1259	293.516	1p_056	0.191788	-2.38242
1p_057	359	288	1.247	-1.804	autosomal	0.000521286	552480	dc36e456	0.00265818	1001	376.197	1p_057	0.196106	-2.35029
1p_058	279	223	1.251	-2.173	autosomal	0.000403635	552480	dc36e456	0.00265051	981	377.286	1p_058	0.152286	-2.71514
1p_059	324	257	1.261	-1.969	autosomal	0.000465175	552480	dc36e456	0.00285993	1023	349.659	1p_059	0.162653	-2.62013
ATRX_001	118	103	1.146	-3.288	allosomal	0.000186432	552480	dc36e456	0.00140526	535	711.612	ATRX_001	0.132667	-2.91412
ATRX_002	75	60	1.250	-4.067	allosomal	0.000108601	552480	dc36e456	0.00130872	470	764.105	ATRX_002	0.0829826	-3.59105
ATRX_003	38	35	1.086	-4.845	allosomal	6.33507e-05	552480	dc36e456	0.00044931	163	2225.63	ATRX_003	0.140996	-2.82627
ATRX_004	119	104	1.144	-3.274	allosomal	0.000188242	552480	dc36e456	0.00114791	431	871.148	ATRX_004	0.163987	-2.60835
ATRX_005	179	139	1.288	-2.855	allosomal	0.000251593	552480	dc36e456	0.00183751	678	544.215	ATRX_005	0.136921	-2.86858
ATRX_006	168	137	1.226	-2.876	allosomal	0.000247973	552480	dc36e456	0.00247827	952	403.507	ATRX_006	0.100059	-3.32108
ATRX_007	109	95	1.147	-3.404	allosomal	0.000171952	552480	dc36e456	0.00148529	552	673.269	ATRX_007	0.11577	-3.11067
ATRX_008	83	66	1.258	-3.930	allosomal	0.000119461	552480	dc36e456	0.00088466	311	1130.38	ATRX_008	0.135036	-2.88858
ATRX_009	126	108	1.167	-3.219	allosomal	0.000195482	552480	dc36e456	0.00125103	477	799.341	ATRX_009	0.156257	-2.67801
ATRX_010	109	99	1.101	-3.345	allosomal	0.000179192	552480	dc36e456	0.00139278	538	717.988	ATRX_010	0.128658	-2.95839
ATRX_011	167	143	1.168	-2.814	allosomal	0.000258833	552480	dc36e456	0.00211632	910	472.518	ATRX_011	0.122303	-3.03147
ATRX_012	181	152	1.191	-2.726	allosomal	0.000275123	552480	dc36e456	0.00186503	729	536.184	ATRX_012	0.147517	-2.76105
ATRX_013	165	139	1.187	-2.855	allosomal	0.000251593	552480	dc36e456	0.00207827	899	481.169	ATRX_013	0.121059	-3.04622
ATRX_014	189	154	1.227	-2.707	allosomal	0.000278743	552480	dc36e456	0.00212179	873	471.3	ATRX_014	0.131372	-2.92827
ATRX_015	47	44	1.068	-4.515	allosomal	7.96409e-05	552480	dc36e456	0.00051320	182	1948.56	ATRX_015	0.155185	-2.68794
ATRX_016	40	38	1.053	-4.726	allosomal	6.87808e-05	552480	dc36e456	0.00041790	165	2392.92	ATRX_016	0.164587	-2.60308
ATRX_017	68	57	1.193	-4.141	allosomal	0.000103171	552480	dc36e456	0.00069739	244	1433.92	ATRX_017	0.147939	-2.75693
ATRX_018	147	119	1.235	-3.079	allosomal	0.000215392	552480	dc36e456	0.00179109	658	558.319	ATRX_018	0.120257	-3.05581
ATRX_019	138	110	1.255	-3.193	allosomal	0.000199102	552480	dc36e456	0.00161145	595	620.559	ATRX_019	0.123555	-3.01677
ATRX_020	79	70	1.129	-3.845	allosomal	0.000126701	552480	dc36e456	0.00115051	401	869.18	ATRX_020	0.110126	-3.18277
ATRX_021	198	159	1.245	-2.661	allosomal	0.000287793	552480	dc36e456	0.00224999	954	444.446	ATRX_021	0.127909	-2.96681
ATRX_022	109	92	1.185	-3.451	allosomal	0.000166522	552480	dc36e456	0.00180302	683	554.625	ATRX_022	0.0923573	-3.43663
ATRX_023	76	70	1.086	-3.845	allosomal	0.000126701	552480	dc36e456	0.00095666	361	1045.3	ATRX_023	0.132441	-2.91658
ATRX_024	189	153	1.235	-2.717	allosomal	0.000276933	552480	dc36e456	0.00234673	1051	426.125	ATRX_024	0.118008	-3.08304
ATRX_025	119	100	1.190	-3.330	allosomal	0.000181002	552480	dc36e456	0.00107343	404	931.593	ATRX_025	0.16862	-2.56815
ATRX_026	129	110	1.173	-3.193	allosomal	0.000199102	552480	dc36e456	0.00139481	512	716.944	ATRX_026	0.142745	-2.80849
ATRX_027	66	61	1.082	-4.043	allosomal	0.000110411	552480	dc36e456	0.00088685	302	1127.59	ATRX_027	0.124498	-3.00581
ATRX_028	150	118	1.271	-3.092	allosomal	0.000213582	552480	dc36e456	0.00184102	662	543.177	ATRX_028	0.116013	-3.10764
ATRX_029	110	96	1.146	-3.389	allosomal	0.000173762	552480	dc36e456	0.00178915	637	558.925	ATRX_029	0.0971199	-3.36409
ATRX_030	186	141	1.319	-2.835	allosomal	0.000255213	552480	dc36e456	0.00197353	732	506.706	ATRX_030	0.129318	-2.951
ATRX_031	166	137	1.212	-2.876	allosomal	0.000247973	552480	dc36e456	0.00154246	597	648.315	ATRX_031	0.160765	-2.63697
ATRX_032	146	121	1.207	-3.055	allosomal	0.000219012	552480	dc36e456	0.00155871	564	641.556	ATRX_032	0.140508	-2.83128
ATRX_033	74	69	1.072	-3.866	allosomal	0.000124891	552480	dc36e456	0.00085588	307	1168.39	ATRX_033	0.145921	-2.77674
ATRX_034	60	54	1.111	-4.219	allosomal	9.77411e-05	552480	dc36e456	0.00114526	437	873.164	ATRX_034	0.085344	-3.55057
ATRX_035	131	112	1.170	-3.167	allosomal	0.000202722	552480	dc36e456	0.00185895	680	537.938	ATRX_035	0.109052	-3.19691
ATRX_036	159	128	1.242	-2.974	allosomal	0.000231683	552480	dc36e456	0.00247322	910	404.331	ATRX_036	0.0936767	-3.41617
ATRX_037	72	59	1.220	-4.092	allosomal	0.000106791	552480	dc36e456	0.00110209	431	907.367	ATRX_037	0.0968986	-3.36738
ATRX_038	75	68	1.103	-3.887	allosomal	0.000123081	552480	dc36e456	0.00113115	413	884.056	ATRX_038	0.108811	-3.2001
ATRX_039	55	46	1.196	-4.451	allosomal	8.32609e-05	552480	dc36e456	0.00080642	322	1240.05	ATRX_039	0.103248	-3.27581
ATRX_040	5	5	1.000	-7.652	allosomal	9.0501e-06	552480	dc36e456	0.00006081	22	16444.7	ATRX_040	0.148826	-2.7483
ATRX_041	120	96	1.250	-3.389	allosomal	0.000173762	552480	dc36e456	0.00188952	704	529.235	ATRX_041	0.0919609	-3.44284
ATRX_042	99	87	1.138	-3.531	allosomal	0.000157472	552480	dc36e456	0.00149468	544	669.04	ATRX_042	0.105355	-3.24667
ATRX_043	165	126	1.310	-2.997	allosomal	0.000228063	552480	dc36e456	0.00179331	665	557.628	ATRX_043	0.127174	-2.97512
ATRX_044	84	74	1.135	-3.765	allosomal	0.000133942	552480	dc36e456	0.00086889	313	1150.89	ATRX_044	0.154153	-2.69757
ATRX_045	129	109	1.183	-3.206	allosomal	0.000197292	552480	dc36e456	0.00154979	591	645.249	ATRX_045	0.127302	-2.97367
ATRX_046	80	69	1.159	-3.866	allosomal	0.000124891	552480	dc36e456	0.00104761	412	954.554	ATRX_046	0.119215	-3.06836
ATRX_047	106	93	1.140	-3.435	allosomal	0.000168332	552480	dc36e456	0.00154760	600	646.162	ATRX_047	0.10877	-3.20065
ATRX_048	36	34	1.059	-4.887	allosomal	6.15407e-05	552480	dc36e456	0.00059531	213	1679.8	ATRX_048	0.103376	-3.27403
ATRX_049	42	36	1.167	-4.804	allosomal	6.51607e-05	552480	dc36e456	0.00068564	244	1458.49	ATRX_049	0.0950363	-3.39538
ATRX_050	154	129	1.194	-2.963	allosomal	0.000233493	552480	dc36e456	0.00188597	680	530.231	ATRX_050	0.123805	-3.01386
ATRX_051	151	123	1.228	-3.032	allosomal	0.000222632	552480	dc36e456	0.00190964	713	523.659	ATRX_051	0.116583	-3.10057
ATRX_052	144	122	1.180	-3.043	allosomal	0.000220822	552480	dc36e456	0.00201349	872	496.65	ATRX_052	0.109671	-3.18875
ATRX_053	96	90	1.067	-3.482	allosomal	0.000162902	552480	dc36e456	0.00087808	330	1138.85	ATRX_053	0.185521	-2.43035
ATRX_054	38	36	1.056	-4.804	allosomal	6.51607e-05	552480	dc36e456	0.00048856	193	2046.83	ATRX_054	0.133373	-2.90646
ATRX_055	54	52	1.038	-4.274	allosomal	9.41211e-05	552480	dc36e456	0.00068258	263	1465.03	ATRX_055	0.13789	-2.85841
ATRX_056	102	86	1.186	-3.548	allosomal	0.000155662	552480	dc36e456	0.00113233	421	883.135	ATRX_056	0.137471	-2.8628
ATRX_057	132	105	1.257	-3.260	allosomal	0.000190052	552480	dc36e456	0.00180285	666	554.677	ATRX_057	0.105418	-3.24581
ATRX_058	150	125	1.200	-3.008	allosomal	0.000226253	552480	dc36e456	0.00222811	849	448.811	ATRX_058	0.101545	-3.29981
ATRX_059	29	24	1.208	-5.389	allosomal	4.34405e-05	552480	dc36e456	0.00029745	117	3361.91	ATRX_059	0.146043	-2.77553
ATRX_060	83	72	1.153	-3.804	allosomal	0.000130321	552480	dc36e456	0.00073034	292	1369.23	ATRX_060	0.178439	-2.4865
ATRX_061	120	104	1.154	-3.274	allosomal	0.000188242	552480	dc36e456	0.00159268	603	627.873	ATRX_061	0.118192	-3.0808
ATRX_062	103	89	1.157	-3.498	allosomal	0.000161092	552480	dc36e456	0.00126906	456	787.985	ATRX_062	0.126938	-2.9778
ATRX_063	98	83	1.181	-3.599	allosomal	0.000150232	552480	dc36e456	0.00157518	580	634.848	ATRX_063	0.0953745	-3.39025
ATRX_064	54	53	1.019	-4.246	allosomal	9.59311e-05	552480	dc36e456	0.00063955	250	1563.6	ATRX_064	0.149998	-2.73698
ATRX_065	87	74	1.176	-3.765	allosomal	0.000133942	552480	dc36e456	0.00106741	403	936.847	ATRX_065	0.125483	-2.99444
ATRX_066	186	146	1.274	-2.784	allosomal	0.000264263	552480	dc36e456	0.00232650	863	429.83	ATRX_066	0.113588	-3.13812
ATRX_067	104	87	1.195	-3.531	allosomal	0.000157472	552480	dc36e456	0.00138371	556	722.695	ATRX_067	0.113804	-3.13538
ATRX_068	182	152	1.197	-2.726	allosomal	0.000275123	552480	dc36e456	0.00198673	874	503.34	ATRX_068	0.13848	-2.85225
ATRX_069	126	101	1.248	-3.316	allosomal	0.000182812	552480	dc36e456	0.00120610	475	829.119	ATRX_069	0.151573	-2.72192
ATRX_070	102	86	1.186	-3.548	allosomal	0.000155662	552480	dc36e456	0.00101921	363	981.152	ATRX_070	0.152728	-2.71096
ATRX_071	126	105	1.200	-3.260	allosomal	0.000190052	552480	dc36e456	0.00133001	479	751.874	ATRX_071	0.142895	-2.80697
ATRX_072	172	139	1.237	-2.855	allosomal	0.000251593	552480	dc36e456	0.00202654	891	493.452	ATRX_072	0.124149	-3.00986
ATRX_073	70	64	1.094	-3.974	allosomal	0.000115841	552480	dc36e456	0.00109723	414	911.386	ATRX_073	0.105576	-3.24365
ATRX_074	35	34	1.029	-4.887	allosomal	6.15407e-05	552480	dc36e456	0.00065730	243	1521.38	ATRX_074	0.0936265	-3.41694
ATRX_075	117	101	1.158	-3.316	allosomal	0.000182812	552480	dc36e456	0.00133694	494	747.977	ATRX_075	0.136739	-2.8705
ATRX_076	189	151	1.252	-2.736	allosomal	0.000273313	552480	dc36e456	0.00174851	656	571.916	ATRX_076	0.156312	-2.6775
ATRX_077	81	74	1.095	-3.765	allosomal	0.000133942	552480	dc36e456	0.00127585	486	783.791	ATRX_077	0.104983	-3.25177
ATRX_078	106	88	1.205	-3.515	allosomal	0.000159282	552480	dc36e456	0.00116586	465	857.736	ATRX_078	0.136622	-2.87174
ATRX_079	47	44	1.068	-4.515	allosomal	7.96409e-05	552480	dc36e456	0.00095770	368	1044.17	ATRX_079	0.0831585	-3.58799
ATRX_080	94	76	1.237	-3.726	allosomal	0.000137562	552480	dc36e456	0.00129422	499	772.666	ATRX_080	0.10629	-3.23392
ATRX_081	78	67	1.164	-3.908	allosomal	0.000121271	552480	dc36e456	0.00137120	543	729.288	ATRX_081	0.0884415	-3.49913
ATRX_082	113	91	1.242	-3.466	allosomal	0.000164712	552480	dc36e456	0.00151443	606	660.314	ATRX_082	0.108762	-3.20075
ATRX_083	101	87	1.161	-3.531	allosomal	0.000157472	552480	dc36e456	0.00145463	567	687.46	ATRX_083	0.108256	-3.20748
ATRX_084	55	48	1.146	-4.389	allosomal	8.6881e-05	552480	dc36e456	0.00094830	360	1054.52	ATRX_084	0.0916176	-3.44823
ATRX_085	106	86	1.233	-3.548	allosomal	0.000155662	552480	dc36e456	0.00136736	517	731.336	ATRX_085	0.113841	-3.13491
ATRX_086	54	46	1.174	-4.451	allosomal	8.32609e-05	552480	dc36e456	0.00056682	203	1764.23	ATRX_086	0.146891	-2.76718
ATRX_087	83	68	1.221	-3.887	allosomal	0.000123081	552480	dc36e456	0.00089230	315	1120.7	ATRX_087	0.137937	-2.85792
ATRX_088	174	146	1.192	-2.784	allosomal	0.000264263	552480	dc36e456	0.00156871	576	637.466	ATRX_088	0.168459	-2.56953
ATRX_089	82	71	1.155	-3.824	allosomal	0.000128511	552480	dc36e456	0.00120180	438	832.085	ATRX_089	0.106932	-3.22523
ATRX_090	90	82	1.098	-3.617	allosomal	0.000148422	552480	dc36e456	0.00130494	500	766.319	ATRX_090	0.113739	-3.1362
ATRX_091	159	125	1.272	-3.008	allosomal	0.000226253	552480	dc36e456	0.00229041	881	436.603	ATRX_091	0.0987828	-3.3396
ATRX_092	62	53	1.170	-4.246	allosomal	9.59311e-05	552480	dc36e456	0.00081300	303	1230.01	ATRX_092	0.117996	-3.08319
ATRX_093	102	86	1.186	-3.548	allosomal	0.000155662	552480	dc36e456	0.00116598	442	857.648	ATRX_093	0.133503	-2.90506
ATRX_094	115	97	1.186	-3.374	allosomal	0.000175572	552480	dc36e456	0.00171479	683	583.162	ATRX_094	0.102387	-3.2879
ATRX_095	126	103	1.223	-3.288	allosomal	0.000186432	552480	dc36e456	0.00192818	743	518.624	ATRX_095	0.0966881	-3.37052
ATRX_096	92	76	1.211	-3.726	allosomal	0.000137562	552480	dc36e456	0.00116845	427	855.835	ATRX_096	0.11773	-3.08645
ATRX_097	93	80	1.163	-3.652	allosomal	0.000144802	552480	dc36e456	0.00143655	548	696.112	ATRX_097	0.100798	-3.31046
ATRX_098	72	66	1.091	-3.930	allosomal	0.000119461	552480	dc36e456	0.00127260	464	785.793	ATRX_098	0.0938716	-3.41317
ATRX_099	87	79	1.101	-3.670	allosomal	0.000142992	552480	dc36e456	0.00125735	488	795.323	ATRX_099	0.113725	-3.13638
ATRX_100	174	142	1.225	-2.824	allosomal	0.000257023	552480	dc36e456	0.00200524	883	498.693	ATRX_100	0.128176	-2.9638
ATRX_101	112	94	1.191	-3.420	allosomal	0.000170142	552480	dc36e456	0.00162688	596	614.673	ATRX_101	0.104582	-3.25729
ATRX_102	111	93	1.194	-3.435	allosomal	0.000168332	552480	dc36e456	0.00141481	544	706.809	ATRX_102	0.118979	-3.07122
ATRX_103	63	56	1.125	-4.167	allosomal	0.000101361	552480	dc36e456	0.00074044	273	1350.55	ATRX_103	0.136893	-2.86888
ATRX_104	174	141	1.234	-2.835	allosomal	0.000255213	552480	dc36e456	0.00172763	626	578.828	ATRX_104	0.147724	-2.75902
ATRX_105	124	112	1.107	-3.167	allosomal	0.000202722	552480	dc36e456	0.00130290	510	767.519	ATRX_105	0.155593	-2.68415
ATRX_106	169	144	1.174	-2.804	allosomal	0.000260643	552480	dc36e456	0.00168870	601	592.171	ATRX_106	0.154345	-2.69577
ATRX_107	40	38	1.053	-4.726	allosomal	6.87808e-05	552480	dc36e456	0.00052983	209	1887.4	ATRX_107	0.129817	-2.94545
ATRX_108	104	89	1.169	-3.498	allosomal	0.000161092	552480	dc36e456	0.00109417	433	913.935	ATRX_108	0.147228	-2.76388
ATRX_109	161	133	1.211	-2.919	allosomal	0.000240733	552480	dc36e456	0.00183169	718	545.944	ATRX_109	0.131427	-2.92767
ATRX_110	126	111	1.135	-3.180	allosomal	0.000200912	552480	dc36e456	0.00129879	514	769.947	ATRX_110	0.154692	-2.69253
ATRX_111	129	107	1.206	-3.233	allosomal	0.000193672	552480	dc36e456	0.00107243	421	932.462	ATRX_111	0.180592	-2.46919
ATRX_112	200	151	1.325	-2.736	allosomal	0.000273313	552480	dc36e456	0.00156079	578	640.701	ATRX_112	0.175112	-2.51365
ATRX_113	154	135	1.141	-2.897	allosomal	0.000244353	552480	dc36e456	0.00160725	630	622.181	ATRX_113	0.152032	-2.71755
ATRX_114	83	72	1.153	-3.804	allosomal	0.000130321	552480	dc36e456	0.00096725	369	1033.86	ATRX_114	0.134734	-2.89181
ATRX_115	118	102	1.157	-3.302	allosomal	0.000184622	552480	dc36e456	0.00099138	379	1008.69	ATRX_115	0.186227	-2.42487
ATRX_116	93	79	1.177	-3.670	allosomal	0.000142992	552480	dc36e456	0.00100309	389	996.92	ATRX_116	0.142552	-2.81044
ATRX_117	100	91	1.099	-3.466	allosomal	0.000164712	552480	dc36e456	0.00102145	394	979	ATRX_117	0.161253	-2.6326
ATRX_118	200	160	1.250	-2.652	allosomal	0.000289603	552480	dc36e456	0.00171609	667	582.72	ATRX_118	0.168757	-2.56698
ATRX_119	17	14	1.214	-6.167	allosomal	2.53403e-05	552480	dc36e456	0.00019904	76	5024.12	ATRX_119	0.127313	-2.97355
ATRX_120	119	113	1.053	-3.154	allosomal	0.000204532	552480	dc36e456	0.00127439	492	784.689	ATRX_120	0.160494	-2.63941
ATRX_121	135	112	1.205	-3.167	allosomal	0.000202722	552480	dc36e456	0.00119593	446	836.169	ATRX_121	0.16951	-2.56056
ATRX_122	198	151	1.311	-2.736	allosomal	0.000273313	552480	dc36e456	0.00192190	764	520.318	ATRX_122	0.14221	-2.81391
ATRX_123	17	17	1.000	-5.887	allosomal	3.07703e-05	552480	dc36e456	0.00017669	59	5659.63	ATRX_123	0.174149	-2.52161
ATRX_124	163	143	1.140	-2.814	allosomal	0.000258833	552480	dc36e456	0.00144421	576	692.42	ATRX_124	0.179221	-2.48019
ATRX_125	130	113	1.150	-3.154	allosomal	0.000204532	552480	dc36e456	0.00098340	375	1016.88	ATRX_125	0.207985	-2.26545
ATRX_126	134	122	1.098	-3.043	allosomal	0.000220822	552480	dc36e456	0.00136294	511	733.708	ATRX_126	0.162019	-2.62577
ATRX_127	111	94	1.181	-3.420	allosomal	0.000170142	552480	dc36e456	0.00098018	401	1020.22	ATRX_127	0.173582	-2.52631
ATRX_128	114	100	1.140	-3.330	allosomal	0.000181002	552480	dc36e456	0.00113616	431	880.158	ATRX_128	0.15931	-2.65009
ATRX_129	145	114	1.272	-3.141	allosomal	0.000206342	552480	dc36e456	0.00165627	620	603.766	ATRX_129	0.124582	-3.00483
ATRX_130	157	135	1.163	-2.897	allosomal	0.000244353	552480	dc36e456	0.00164626	600	607.437	ATRX_130	0.148429	-2.75216
ATRX_131	139	117	1.188	-3.104	allosomal	0.000211772	552480	dc36e456	0.00133840	488	747.161	ATRX_131	0.158228	-2.65992
ATRX_132	52	47	1.106	-4.420	allosomal	8.5071e-05	552480	dc36e456	0.00060442	219	1654.48	ATRX_132	0.140748	-2.82881
ATRX_133	82	69	1.188	-3.866	allosomal	0.000124891	552480	dc36e456	0.00075736	300	1320.38	ATRX_133	0.164903	-2.60031
ATRX_134	130	105	1.238	-3.260	allosomal	0.000190052	552480	dc36e456	0.00096665	365	1034.5	ATRX_134	0.196609	-2.3466
ATRX_135	122	102	1.196	-3.302	allosomal	0.000184622	552480	dc36e456	0.00124673	448	802.098	ATRX_135	0.148085	-2.7555
ATRX_136	40	38	1.053	-4.726	allosomal	6.87808e-05	552480	dc36e456	0.00056432	202	1772.04	ATRX_136	0.121883	-3.03643
ATRX_137	123	105	1.171	-3.260	allosomal	0.000190052	552480	dc36e456	0.00131229	502	762.027	ATRX_137	0.144825	-2.78762
ATRX_138	238	182	1.308	-2.466	allosomal	0.000329424	552480	dc36e456	0.00255871	940	390.822	ATRX_138	0.128746	-2.9574
ATRX_139	65	57	1.140	-4.141	allosomal	0.000103171	552480	dc36e456	0.00084811	318	1179.09	ATRX_139	0.121648	-3.03922
ATRX_140	139	119	1.168	-3.079	allosomal	0.000215392	552480	dc36e456	0.00177174	678	564.417	ATRX_140	0.121571	-3.04013
ATRX_141	116	97	1.196	-3.374	allosomal	0.000175572	552480	dc36e456	0.00200770	920	498.082	ATRX_141	0.0874493	-3.51541
ATRX_142	52	48	1.083	-4.389	allosomal	8.6881e-05	552480	dc36e456	0.00099514	367	1004.88	ATRX_142	0.0873053	-3.51779
ATRX_143	166	136	1.221	-2.887	allosomal	0.000246163	552480	dc36e456	0.00173695	681	575.722	ATRX_143	0.141721	-2.81887
ATRX_144	114	101	1.129	-3.316	allosomal	0.000182812	552480	dc36e456	0.00187275	678	533.974	ATRX_144	0.0976169	-3.35673
ATRX_145	159	140	1.136	-2.845	allosomal	0.000253403	552480	dc36e456	0.00215512	898	464.011	ATRX_145	0.117582	-3.08826
ATRX_146	173	135	1.281	-2.897	allosomal	0.000244353	552480	dc36e456	0.00156211	579	640.16	ATRX_146	0.156425	-2.67646
ATRX_147	43	40	1.075	-4.652	allosomal	7.24008e-05	552480	dc36e456	0.00049443	198	2022.53	ATRX_147	0.146433	-2.77169
ATRX_148	145	112	1.295	-3.167	allosomal	0.000202722	552480	dc36e456	0.00190816	703	524.065	ATRX_148	0.10624	-3.2346
ATRX_149	150	126	1.190	-2.997	allosomal	0.000228063	552480	dc36e456	0.00188026	697	531.841	ATRX_149	0.121293	-3.04343
ATRX_150	108	98	1.102	-3.359	allosomal	0.000177382	552480	dc36e456	0.00101483	389	985.387	ATRX_150	0.17479	-2.51631
ATRX_151	24	21	1.143	-5.582	allosomal	3.80104e-05	552480	dc36e456	0.00023530	108	4249.89	ATRX_151	0.16154	-2.63004
ATRX_152	65	58	1.121	-4.116	allosomal	0.000104981	552480	dc36e456	0.00084957	312	1177.07	ATRX_152	0.12357	-3.0166
ATRX_153	141	122	1.156	-3.043	allosomal	0.000220822	552480	dc36e456	0.00193506	726	516.78	ATRX_153	0.114116	-3.13143
ATRX_154	187	151	1.238	-2.736	allosomal	0.000273313	552480	dc36e456	0.00224780	863	444.879	ATRX_154	0.121591	-3.03989
ATRX_155	81	73	1.110	-3.784	allosomal	0.000132131	552480	dc36e456	0.00148076	569	675.329	ATRX_155	0.0892319	-3.4863
ATRX_156	108	94	1.149	-3.420	allosomal	0.000170142	552480	dc36e456	0.00175513	661	569.758	ATRX_156	0.0969398	-3.36677
ATRX_157	112	94	1.191	-3.420	allosomal	0.000170142	552480	dc36e456	0.00145120	536	689.085	ATRX_157	0.117242	-3.09244
ATRX_158	160	132	1.212	-2.930	allosomal	0.000238923	552480	dc36e456	0.00203942	938	490.335	ATRX_158	0.117152	-3.09355
ATRX_159	179	155	1.155	-2.698	allosomal	0.000280553	552480	dc36e456	0.00196076	844	510.006	ATRX_159	0.143084	-2.80507
BRAF_001	366	311	1.177	-1.693	autosomal	0.000562916	552480	dc36e456	0.00285485	1076	350.281	BRAF_001	0.197179	-2.34242
BRAF_002	212	189	1.122	-2.412	autosomal	0.000342094	552480	dc36e456	0.00144261	565	693.188	BRAF_002	0.237135	-2.07622
BRAF_003	584	492	1.187	-1.032	autosomal	0.00089053	552480	dc36e456	0.00380473	1407	262.831	BRAF_003	0.234059	-2.09506
BRAF_004	220	183	1.202	-2.459	autosomal	0.000331234	552480	dc36e456	0.00130109	474	768.586	BRAF_004	0.254582	-1.9738
BRAF_005	429	354	1.212	-1.507	autosomal	0.000640747	552480	dc36e456	0.00282328	1069	354.198	BRAF_005	0.226951	-2.13955
BRAF_006	201	174	1.155	-2.531	autosomal	0.000314944	552480	dc36e456	0.00137645	515	726.507	BRAF_006	0.228809	-2.12778
BRAF_007	455	386	1.179	-1.382	autosomal	0.000698668	552480	dc36e456	0.00337626	1242	296.186	BRAF_007	0.206935	-2.27275
BRAF_008	317	277	1.144	-1.860	autosomal	0.000501376	552480	dc36e456	0.00208987	901	478.499	BRAF_008	0.239908	-2.05945
BRAF_009	321	268	1.198	-1.908	autosomal	0.000485085	552480	dc36e456	0.00275455	1049	363.036	BRAF_009	0.176103	-2.50551
BRAF_010	221	194	1.139	-2.374	autosomal	0.000351144	552480	dc36e456	0.00253234	984	394.892	BRAF_010	0.138664	-2.85033
BRAF_011	340	272	1.250	-1.887	autosomal	0.000492326	552480	dc36e456	0.00261162	988	382.904	BRAF_011	0.188514	-2.40726
BRAF_012	434	348	1.247	-1.531	autosomal	0.000629887	552480	dc36e456	0.00250447	899	399.286	BRAF_012	0.251505	-1.99134
BRAF_013	237	199	1.191	-2.338	autosomal	0.000360194	552480	dc36e456	0.00210005	817	476.179	BRAF_013	0.171517	-2.54358
BRAF_014	535	414	1.292	-1.281	autosomal	0.000749348	552480	dc36e456	0.00396737	1498	252.056	BRAF_014	0.188878	-2.40447
BRAF_015	252	204	1.235	-2.302	autosomal	0.000369244	552480	dc36e456	0.00148097	499	675.233	BRAF_015	0.249326	-2.00389
CDKN2A_001	69	62	1.113	-4.020	autosomal	0.000112221	552480	dc36e456	0.00233708	871	427.884	CDKN2A_001	0.0480176	-4.38029
CDKN2A_002	50	43	1.163	-4.548	autosomal	7.78309e-05	552480	dc36e456	0.00144085	568	694.035	CDKN2A_002	0.0540174	-4.21043
CDKN2A_003	84	68	1.235	-3.887	autosomal	0.000123081	552480	dc36e456	0.00311117	1173	321.422	CDKN2A_003	0.039561	-4.65978
CDKN2A_004	75	64	1.172	-3.974	autosomal	0.000115841	552480	dc36e456	0.00267396	949	373.977	CDKN2A_004	0.0433219	-4.52876
CDKN2A_005	75	65	1.154	-3.952	autosomal	0.000117651	552480	dc36e456	0.00286433	1029	349.122	CDKN2A_005	0.0410745	-4.60561
CDKN2A_006	37	31	1.194	-5.020	autosomal	5.61106e-05	552480	dc36e456	0.00097532	368	1025.3	CDKN2A_006	0.0575305	-4.11953
CDKN2A_007	44	40	1.100	-4.652	autosomal	7.24008e-05	552480	dc36e456	0.00097328	378	1027.45	CDKN2A_007	0.0743885	-3.74878
CDKN2A_008	39	32	1.219	-4.974	autosomal	5.79206e-05	552480	dc36e456	0.00103392	391	967.193	CDKN2A_008	0.0560204	-4.1579
CDKN2A_009	85	69	1.232	-3.866	autosomal	0.000124891	552480	dc36e456	0.00288568	1070	346.539	CDKN2A_009	0.0432796	-4.53017
CDKN2A_010	291	247	1.178	-2.026	autosomal	0.000447075	552480	dc36e456	0.00262845	943	380.452	CDKN2A_010	0.170091	-2.55562
CDKN2A_011	233	202	1.153	-2.316	autosomal	0.000365624	552480	dc36e456	0.00181033	661	552.385	CDKN2A_011	0.201965	-2.30782
CDKN2A_012	191	159	1.201	-2.661	autosomal	0.000287793	552480	dc36e456	0.00141083	525	708.803	CDKN2A_012	0.203988	-2.29344
CDKN2A_013	389	326	1.193	-1.625	autosomal	0.000590067	552480	dc36e456	0.00276791	1052	361.283	CDKN2A_013	0.213181	-2.22985
CDKN2A_014	148	123	1.203	-3.032	autosomal	0.000222632	552480	dc36e456	0.00082303	328	1215.02	CDKN2A_014	0.270503	-1.88628
CDKN2A_015	347	298	1.164	-1.755	autosomal	0.000539386	552480	dc36e456	0.00337315	1221	296.459	CDKN2A_015	0.159906	-2.6447
CDKN2A_016	363	296	1.226	-1.765	autosomal	0.000535766	552480	dc36e456	0.00260592	1005	383.742	CDKN2A_016	0.205596	-2.28212
CDKN2A_017	391	323	1.211	-1.639	autosomal	0.000584637	552480	dc36e456	0.00278334	1061	359.281	CDKN2A_017	0.210049	-2.2512
CDKN2A_018	182	147	1.238	-2.775	autosomal	0.000266073	552480	dc36e456	0.00074297	297	1345.95	CDKN2A_018	0.358121	-1.48148
CDKN2A_019	184	155	1.187	-2.698	autosomal	0.000280553	552480	dc36e456	0.00127577	486	783.84	CDKN2A_019	0.219909	-2.18502
CDKN2A_020	200	160	1.250	-2.652	autosomal	0.000289603	552480	dc36e456	0.00094845	369	1054.35	CDKN2A_020	0.305343	-1.7115
CDKN2A_021	265	219	1.210	-2.199	autosomal	0.000396394	552480	dc36e456	0.00184401	706	542.296	CDKN2A_021	0.214963	-2.21784
CDKN2A_022	11	11	1.000	-6.515	autosomal	1.99102e-05	552480	dc36e456	0.00007594	29	13168.3	CDKN2A_022	0.262183	-1.93135
CDKN2B_001	431	350	1.231	-1.523	autosomal	0.000633507	552480	dc36e456	0.00270439	1083	369.769	CDKN2B_001	0.234251	-2.09387
CDKN2B_002	205	175	1.171	-2.523	autosomal	0.000316754	552480	dc36e456	0.00102619	394	974.478	CDKN2B_002	0.30867	-1.69586
CDKN2B_003	260	224	1.161	-2.167	autosomal	0.000405445	552480	dc36e456	0.00115568	420	865.291	CDKN2B_003	0.350828	-1.51116
CDKN2B_004	357	286	1.248	-1.814	autosomal	0.000517666	552480	dc36e456	0.00214011	919	467.266	CDKN2B_004	0.241888	-2.04759
CDKN2B_005	356	294	1.211	-1.775	autosomal	0.000532146	552480	dc36e456	0.00197162	860	507.197	CDKN2B_005	0.269903	-1.88949
CDKN2B_006	293	239	1.226	-2.073	autosomal	0.000432595	552480	dc36e456	0.00222120	842	450.207	CDKN2B_006	0.194757	-2.36025
CDKN2B_007	142	124	1.145	-3.020	autosomal	0.000224443	552480	dc36e456	0.00091188	352	1096.64	CDKN2B_007	0.246132	-2.0225
CDKN2B_008	201	171	1.175	-2.556	autosomal	0.000309513	552480	dc36e456	0.00081903	312	1220.96	CDKN2B_008	0.377902	-1.40392
CDKN2B_009	524	421	1.245	-1.257	autosomal	0.000762019	552480	dc36e456	0.00309091	1171	323.529	CDKN2B_009	0.246535	-2.02014
CTNNB1_001	194	162	1.198	-2.634	autosomal	0.000293223	552480	dc36e456	0.00219314	936	455.967	CTNNB1_001	0.1337	-2.90293
CTNNB1_002	90	80	1.125	-3.652	autosomal	0.000144802	552480	dc36e456	0.00090173	347	1108.98	CTNNB1_002	0.160582	-2.63862
CTNNB1_003	225	189	1.190	-2.412	autosomal	0.000342094	552480	dc36e456	0.00252705	980	395.718	CTNNB1_003	0.135373	-2.88499
CTNNB1_004	156	124	1.258	-3.020	autosomal	0.000224443	552480	dc36e456	0.00164073	642	609.485	CTNNB1_004	0.136795	-2.86991
CTNNB1_005	113	101	1.119	-3.316	autosomal	0.000182812	552480	dc36e456	0.00181894	730	549.771	CTNNB1_005	0.100505	-3.31466
EGFR_001	7216	6033	1.196	2.584	autosomal	0.0109199	552480	dc36e456	0.00244261	965	409.398	EGFR_001	4.47059	2.16047
EGFR_002	2501	2261	1.106	1.169	autosomal	0.00409246	552480	dc36e456	0.00102674	398	973.956	EGFR_002	3.98588	1.9949
EGFR_003	6099	5284	1.154	2.393	autosomal	0.00956415	552480	dc36e456	0.00175615	660	569.427	EGFR_003	5.44609	2.44522
EGFR_004	6210	5221	1.189	2.376	autosomal	0.00945012	552480	dc36e456	0.00232490	884	430.126	EGFR_004	4.06474	2.02316
EGFR_005	5835	4947	1.180	2.298	autosomal	0.00895417	552480	dc36e456	0.00190333	718	525.395	EGFR_005	4.70448	2.23404
EGFR_006	5552	4697	1.182	2.223	autosomal	0.00850167	552480	dc36e456	0.00158282	584	631.784	EGFR_006	5.37122	2.42525
EGFR_007	9696	8029	1.208	2.997	autosomal	0.0145327	552480	dc36e456	0.00343538	1316	291.089	EGFR_007	4.2303	2.08076
EGFR_008	8557	7099	1.205	2.819	autosomal	0.0128493	552480	dc36e456	0.00304348	1168	328.571	EGFR_008	4.22191	2.0779
EGFR_009	6308	5437	1.160	2.434	autosomal	0.00984108	552480	dc36e456	0.00201835	765	495.454	EGFR_009	4.8758	2.28564
EGFR_010	8433	6850	1.231	2.768	autosomal	0.0123986	552480	dc36e456	0.00430769	1615	232.143	EGFR_010	2.87825	1.52519
EGFR_011	14089	10885	1.294	3.436	autosomal	0.0197021	552480	dc36e456	0.00478250	1855	209.096	EGFR_011	4.11962	2.04251
EGFR_012	18000	14591	1.234	3.859	autosomal	0.02641	552480	dc36e456	0.00302940	1176	330.098	EGFR_012	8.7179	3.12398
EGFR_013	21240	17185	1.236	4.095	autosomal	0.0311052	552480	dc36e456	0.00377291	1438	265.047	EGFR_013	8.24435	3.04341
EGFR_014	9061	7689	1.178	2.934	autosomal	0.0139172	552480	dc36e456	0.00286762	1075	348.721	EGFR_014	4.85322	2.27894
EGFR_015	12006	10113	1.187	3.330	autosomal	0.0183047	552480	dc36e456	0.00168125	638	594.796	EGFR_015	10.8876	3.44461
EGFR_016	12790	10681	1.197	3.409	autosomal	0.0193328	552480	dc36e456	0.00152053	552	657.665	EGFR_016	12.7145	3.6684
EGFR_017	25957	20321	1.277	4.336	autosomal	0.0367814	552480	dc36e456	0.00405595	1541	246.551	EGFR_017	9.0685	3.18086
EGFR_018	9137	7771	1.176	2.950	autosomal	0.0140657	552480	dc36e456	0.00202207	806	494.543	EGFR_018	6.95609	2.79828
EGFR_019	16317	13384	1.219	3.734	autosomal	0.0242253	552480	dc36e456	0.00329962	1240	303.065	EGFR_019	7.34185	2.87614
EGFR_020	16318	13081	1.247	3.701	autosomal	0.0236769	552480	dc36e456	0.00356901	1338	280.19	EGFR_020	6.63402	2.72988
EGFR_021	8588	7361	1.167	2.871	autosomal	0.0133236	552480	dc36e456	0.00147166	563	679.505	EGFR_021	9.05345	3.17847
EGFR_022	13431	10827	1.241	3.428	autosomal	0.0195971	552480	dc36e456	0.00219656	858	455.257	EGFR_022	8.92172	3.15732
EGFR_023	15694	13067	1.201	3.699	autosomal	0.0236515	552480	dc36e456	0.00307070	1209	325.659	EGFR_023	7.70232	2.94529
EGFR_024	22260	17667	1.260	4.135	autosomal	0.0319776	552480	dc36e456	0.00308110	1192	324.559	EGFR_024	10.3786	3.37554
EGFR_025	12756	10587	1.205	3.396	autosomal	0.0191627	552480	dc36e456	0.00250588	964	399.061	EGFR_025	7.64709	2.93491
EGFR_026	17238	14242	1.210	3.824	autosomal	0.0257783	552480	dc36e456	0.00223931	919	446.566	EGFR_026	11.5117	3.52503
EGFR_027	12832	10592	1.211	3.396	autosomal	0.0191717	552480	dc36e456	0.00143408	571	697.311	EGFR_027	13.3686	3.74078
EGFR_028	18261	15211	1.201	3.919	autosomal	0.0275322	552480	dc36e456	0.00323205	1212	309.401	EGFR_028	8.51849	3.0906
EGFR_029	21542	17331	1.243	4.107	autosomal	0.0313695	552480	dc36e456	0.00375311	1447	266.446	EGFR_029	8.35827	3.0632
EGFR_030	22956	18053	1.272	4.166	autosomal	0.0326763	552480	dc36e456	0.00339575	1334	294.486	EGFR_030	9.6227	3.26644
EGFR_031	15456	12775	1.210	3.667	autosomal	0.023123	552480	dc36e456	0.00273816	1105	365.209	EGFR_031	8.44472	3.07805
EGFR_032	18390	15126	1.216	3.911	autosomal	0.0273784	552480	dc36e456	0.00348987	1343	286.544	EGFR_032	7.84511	2.97179
EGFR_033	16805	13564	1.239	3.753	autosomal	0.0245511	552480	dc36e456	0.00197256	773	506.955	EGFR_033	12.4463	3.63765
EGFR_034	22365	17695	1.264	4.137	autosomal	0.0320283	552480	dc36e456	0.00431097	1661	231.966	EGFR_034	7.42949	2.89326
EGFR_035	13271	11144	1.191	3.470	autosomal	0.0201709	552480	dc36e456	0.00301480	1125	331.697	EGFR_035	6.69063	2.74214
EGFR_036	10529	9121	1.154	3.181	autosomal	0.0165092	552480	dc36e456	0.00206463	792	484.348	EGFR_036	7.9962	2.99931
EGFR_037	13534	11422	1.185	3.505	autosomal	0.0206741	552480	dc36e456	0.00191414	748	522.428	EGFR_037	10.8007	3.43305
EGFR_038	13317	11218	1.187	3.479	autosomal	0.0203048	552480	dc36e456	0.00311028	1159	321.514	EGFR_038	6.52829	2.70671
EGFR_039	23512	18642	1.261	4.212	autosomal	0.0337424	552480	dc36e456	0.00414454	1584	241.281	EGFR_039	8.14141	3.02528
EGFR_040	14382	11959	1.203	3.572	autosomal	0.021646	552480	dc36e456	0.00179306	703	557.706	EGFR_040	12.0721	3.5936
EGFR_041	21611	16853	1.282	4.067	autosomal	0.0305043	552480	dc36e456	0.00436657	1624	229.013	EGFR_041	6.98587	2.80444
GNAS_001	526	450	1.169	-1.160	autosomal	0.000814509	552480	dc36e456	0.00296064	1132	337.765	GNAS_001	0.275112	-1.86191
GNAS_002	377	318	1.186	-1.661	autosomal	0.000575586	552480	dc36e456	0.00214176	890	466.906	GNAS_002	0.268744	-1.8957
H3F3A_001	390	326	1.196	-1.625	autosomal	0.000590067	552480	dc36e456	0.00289488	1148	345.437	H3F3A_001	0.203831	-2.29455
H3F3A_002	130	122	1.066	-3.043	autosomal	0.000220822	552480	dc36e456	0.00103877	384	962.677	H3F3A_002	0.21258	-2.23392
H3F3A_003	157	145	1.083	-2.794	autosomal	0.000262453	552480	dc36e456	0.00131204	509	762.172	H3F3A_003	0.200034	-2.32168
H3F3B_001	920	773	1.190	-0.380	autosomal	0.00139915	552480	dc36e456	0.00243559	981	410.578	H3F3B_001	0.57446	-0.799722
H3F3B_002	884	727	1.216	-0.468	autosomal	0.00131588	552480	dc36e456	0.00171080	671	584.522	H3F3B_002	0.769161	-0.378642
H3F3B_003	1556	1234	1.261	0.295	autosomal	0.00223357	552480	dc36e456	0.00388814	1534	257.192	H3F3B_003	0.574457	-0.799729
H3F3B_004	844	699	1.207	-0.525	autosomal	0.0012652	552480	dc36e456	0.00132865	504	752.644	H3F3B_004	0.952245	-0.0705953
HIST1H3B_001	265	227	1.167	-2.148	autosomal	0.000410875	552480	dc36e456	0.00099445	394	1005.58	HIST1H3B_001	0.413168	-1.2752
HIST1H3B_002	600	493	1.217	-1.029	autosomal	0.00089234	552480	dc36e456	0.00278174	1074	359.487	HIST1H3B_002	0.320785	-1.64032
HIST1H3B_003	635	514	1.235	-0.969	autosomal	0.00093035	552480	dc36e456	0.00240282	966	416.178	HIST1H3B_003	0.387191	-1.36888
HIST1H3B_004	501	403	1.243	-1.320	autosomal	0.000729438	552480	dc36e456	0.00254159	991	393.454	HIST1H3B_004	0.287001	-1.80087
HIST1H3C_001	332	283	1.173	-1.830	autosomal	0.000512236	552480	dc36e456	0.00220081	920	454.378	HIST1H3C_001	0.232749	-2.10315
HIST1H3C_002	377	320	1.178	-1.652	autosomal	0.000579206	552480	dc36e456	0.00165479	618	604.306	HIST1H3C_002	0.350018	-1.5145
HIST1H3C_003	300	249	1.205	-2.014	autosomal	0.000450695	552480	dc36e456	0.00137591	551	726.792	HIST1H3C_003	0.327561	-1.61016
HIST1H3C_004	533	412	1.294	-1.288	autosomal	0.000745728	552480	dc36e456	0.00274630	1025	364.126	HIST1H3C_004	0.271539	-1.88077
IDH1_001	172	156	1.103	-2.689	autosomal	0.000282363	552480	dc36e456	0.00187867	710	532.291	IDH1_001	0.150299	-2.73409
IDH1_002	296	253	1.170	-1.991	autosomal	0.000457935	552480	dc36e456	0.00242553	929	412.281	IDH1_002	0.188798	-2.40508
IDH2_001	227	197	1.152	-2.352	autosomal	0.000356574	552480	dc36e456	0.00286945	1016	348.499	IDH2_001	0.124266	-3.0085
IDH2_002	250	196	1.276	-2.359	autosomal	0.000354764	552480	dc36e456	0.00173056	648	577.848	IDH2_002	0.205	-2.2863
IDH2_003	272	230	1.183	-2.129	autosomal	0.000416305	552480	dc36e456	0.00321063	1226	311.465	IDH2_003	0.129665	-2.94714
KRAS_001	435	364	1.195	-1.466	autosomal	0.000658847	552480	dc36e456	0.00268428	979	372.539	KRAS_001	0.245446	-2.02652
KRAS_002	279	240	1.163	-2.067	autosomal	0.000434405	552480	dc36e456	0.00195876	775	510.527	KRAS_002	0.221776	-2.17282
KRAS_003	230	202	1.139	-2.316	autosomal	0.000365624	552480	dc36e456	0.00141348	535	707.474	KRAS_003	0.258669	-1.95082
KRAS_004	374	315	1.187	-1.675	autosomal	0.000570156	552480	dc36e456	0.00216843	951	461.163	KRAS_004	0.262935	-1.92722
KRAS_005	364	297	1.226	-1.760	autosomal	0.000537576	552480	dc36e456	0.00299451	1099	333.944	KRAS_005	0.179521	-2.47778
KRAS_006	211	181	1.166	-2.474	autosomal	0.000327614	552480	dc36e456	0.00133738	497	747.731	KRAS_006	0.244967	-2.02934
KRAS_007	163	136	1.199	-2.887	autosomal	0.000246163	552480	dc36e456	0.00095577	355	1046.28	KRAS_007	0.257555	-1.95705
KRAS_008	334	278	1.201	-1.855	autosomal	0.000503186	552480	dc36e456	0.00238969	917	418.464	KRAS_008	0.210565	-2.24766
KRAS_009	241	206	1.170	-2.288	autosomal	0.000372864	552480	dc36e456	0.00189246	708	528.413	KRAS_009	0.197026	-2.34354
KRAS_010	176	152	1.158	-2.726	autosomal	0.000275123	552480	dc36e456	0.00161945	641	617.494	KRAS_010	0.169887	-2.55735
PDGFRA_001	280	244	1.148	-2.043	autosomal	0.000441645	552480	dc36e456	0.00209177	915	478.064	PDGFRA_001	0.211135	-2.24376
PDGFRA_002	314	252	1.246	-1.997	autosomal	0.000456125	552480	dc36e456	0.00277755	1014	360.03	PDGFRA_002	0.164218	-2.60632
PDGFRA_003	151	130	1.162	-2.952	autosomal	0.000235303	552480	dc36e456	0.00127907	476	781.818	PDGFRA_003	0.183964	-2.4425
PDGFRA_004	147	130	1.131	-2.952	autosomal	0.000235303	552480	dc36e456	0.00182957	672	546.577	PDGFRA_004	0.128611	-2.95891
PDGFRA_005	333	274	1.215	-1.876	autosomal	0.000495946	552480	dc36e456	0.00289021	1053	345.996	PDGFRA_005	0.171595	-2.54292
PDGFRA_006	295	238	1.239	-2.079	autosomal	0.000430785	552480	dc36e456	0.00259774	934	384.95	PDGFRA_006	0.165831	-2.59221
PDGFRA_007	226	191	1.183	-2.397	autosomal	0.000345714	552480	dc36e456	0.00202711	905	493.313	PDGFRA_007	0.170545	-2.55178
PDGFRA_008	159	137	1.161	-2.876	autosomal	0.000247973	552480	dc36e456	0.00130004	459	769.207	PDGFRA_008	0.190743	-2.3903
PDGFRA_009	356	284	1.254	-1.824	autosomal	0.000514046	552480	dc36e456	0.00305964	1063	326.836	PDGFRA_009	0.168009	-2.57339
PDGFRA_010	326	272	1.199	-1.887	autosomal	0.000492326	552480	dc36e456	0.00228227	995	438.16	PDGFRA_010	0.215718	-2.21278
PDGFRA_011	200	166	1.205	-2.599	autosomal	0.000300463	552480	dc36e456	0.00129111	478	774.527	PDGFRA_011	0.232717	-2.10335
PDGFRA_012	306	254	1.205	-1.986	autosomal	0.000459745	552480	dc36e456	0.00292114	1016	342.332	PDGFRA_012	0.157385	-2.66763
PDGFRA_013	434	367	1.183	-1.455	autosomal	0.000664277	552480	dc36e456	0.00254171	968	393.436	PDGFRA_013	0.26135	-1.93594
PDGFRA_014	282	238	1.185	-2.079	autosomal	0.000430785	552480	dc36e456	0.00204550	897	488.878	PDGFRA_014	0.210601	-2.24742
PDGFRA_015	226	184	1.228	-2.451	autosomal	0.000333044	552480	dc36e456	0.00117650	410	849.979	PDGFRA_015	0.28308	-1.82072
PDGFRA_016	326	261	1.249	-1.946	autosomal	0.000472415	552480	dc36e456	0.00241151	874	414.678	PDGFRA_016	0.1959	-2.35181
PDGFRA_017	320	261	1.226	-1.946	autosomal	0.000472415	552480	dc36e456	0.00251085	942	398.272	PDGFRA_017	0.188149	-2.41005
PDGFRA_018	109	98	1.112	-3.359	autosomal	0.000177382	552480	dc36e456	0.00099615	358	1003.86	PDGFRA_018	0.178068	-2.4895
PDGFRA_019	255	208	1.226	-2.274	autosomal	0.000376484	552480	dc36e456	0.00222507	1024	449.424	PDGFRA_019	0.169201	-2.56319
PDGFRA_020	288	237	1.215	-2.085	autosomal	0.000428975	552480	dc36e456	0.00246427	913	405.8	PDGFRA_020	0.174078	-2.52219
PDGFRA_021	290	241	1.203	-2.061	autosomal	0.000436215	552480	dc36e456	0.00251181	893	398.119	PDGFRA_021	0.173666	-2.52561
PDGFRA_022	95	88	1.080	-3.515	autosomal	0.000159282	552480	dc36e456	0.00125848	456	794.609	PDGFRA_022	0.126567	-2.98203
PDGFRA_023	271	232	1.168	-2.116	autosomal	0.000419925	552480	dc36e456	0.00234469	859	426.496	PDGFRA_023	0.179096	-2.48119
PDGFRA_024	367	306	1.199	-1.717	autosomal	0.000553866	552480	dc36e456	0.00330874	1143	302.23	PDGFRA_024	0.167395	-2.57867
PDGFRA_025	366	301	1.216	-1.741	autosomal	0.000544816	552480	dc36e456	0.00296048	1012	337.783	PDGFRA_025	0.18403	-2.44199
PIK3CA_001	186	151	1.232	-2.736	autosomal	0.000273313	552480	dc36e456	0.00116153	412	860.933	PIK3CA_001	0.235304	-2.0874
PIK3CA_002	308	258	1.194	-1.963	autosomal	0.000466985	552480	dc36e456	0.00147546	557	677.755	PIK3CA_002	0.316501	-1.65972
PIK3CA_003	299	269	1.112	-1.903	autosomal	0.000486895	552480	dc36e456	0.00157975	595	633.012	PIK3CA_003	0.30821	-1.69801
PIK3CA_004	226	199	1.136	-2.338	autosomal	0.000360194	552480	dc36e456	0.00142125	524	703.606	PIK3CA_004	0.253435	-1.98031
PIK3CA_005	220	196	1.122	-2.359	autosomal	0.000354764	552480	dc36e456	0.00171321	608	583.7	PIK3CA_005	0.207076	-2.27177
PIK3CA_006	222	195	1.138	-2.367	autosomal	0.000352954	552480	dc36e456	0.00123426	451	810.202	PIK3CA_006	0.285964	-1.80609
PIK3CA_007	248	214	1.159	-2.233	autosomal	0.000387344	552480	dc36e456	0.00128098	481	780.652	PIK3CA_007	0.302381	-1.72556
PIK3CA_008	253	213	1.188	-2.239	autosomal	0.000385534	552480	dc36e456	0.00179758	678	556.303	PIK3CA_008	0.214474	-2.22113
PIK3CA_009	175	148	1.182	-2.765	autosomal	0.000267883	552480	dc36e456	0.00156244	605	640.025	PIK3CA_009	0.171452	-2.54412
PIK3CA_010	232	196	1.184	-2.359	autosomal	0.000354764	552480	dc36e456	0.00206598	809	484.032	PIK3CA_010	0.171717	-2.5419
PIK3CA_011	139	126	1.103	-2.997	autosomal	0.000228063	552480	dc36e456	0.00114644	437	872.265	PIK3CA_011	0.198931	-2.32966
PIK3CA_012	165	141	1.170	-2.835	autosomal	0.000255213	552480	dc36e456	0.00128848	484	776.108	PIK3CA_012	0.198073	-2.3359
PIK3CA_013	285	251	1.135	-2.003	autosomal	0.000454315	552480	dc36e456	0.00188656	692	530.065	PIK3CA_013	0.240817	-2.05399
PIK3CA_014	163	144	1.132	-2.804	autosomal	0.000260643	552480	dc36e456	0.00070047	241	1427.61	PIK3CA_014	0.372097	-1.42625
PIK3CA_015	393	324	1.213	-1.634	autosomal	0.000586447	552480	dc36e456	0.00289123	1052	345.874	PIK3CA_015	0.202837	-2.30161
PIK3CA_016	213	183	1.164	-2.459	autosomal	0.000331234	552480	dc36e456	0.00120611	483	829.112	PIK3CA_016	0.27463	-1.86444
PIK3CA_017	174	154	1.130	-2.707	autosomal	0.000278743	552480	dc36e456	0.00169199	655	591.02	PIK3CA_017	0.164743	-2.60171
PIK3CA_018	10	8	1.250	-6.974	autosomal	1.44802e-05	552480	dc36e456	0.00028275	101	3536.69	PIK3CA_018	0.051212	-4.28737
PIK3CA_019	370	321	1.153	-1.648	autosomal	0.000581017	552480	dc36e456	0.00219496	871	455.589	PIK3CA_019	0.264705	-1.91754
PIK3CA_020	169	147	1.150	-2.775	autosomal	0.000266073	552480	dc36e456	0.00099809	379	1001.91	PIK3CA_020	0.266582	-1.90735
PIK3CA_021	195	171	1.140	-2.556	autosomal	0.000309513	552480	dc36e456	0.00151778	581	658.857	PIK3CA_021	0.203925	-2.29389
PIK3CA_022	285	249	1.145	-2.014	autosomal	0.000450695	552480	dc36e456	0.00181716	723	550.309	PIK3CA_022	0.248022	-2.01146
PIK3CA_023	312	260	1.200	-1.952	autosomal	0.000470605	552480	dc36e456	0.00167009	634	598.77	PIK3CA_023	0.281784	-1.82734
PIK3CA_024	347	298	1.164	-1.755	autosomal	0.000539386	552480	dc36e456	0.00243099	950	411.355	PIK3CA_024	0.221879	-2.17215
PIK3CA_025	167	150	1.113	-2.745	autosomal	0.000271503	552480	dc36e456	0.00092172	355	1084.93	PIK3CA_025	0.294561	-1.76336
PIK3CA_026	338	272	1.243	-1.887	autosomal	0.000492326	552480	dc36e456	0.00253919	951	393.826	PIK3CA_026	0.193891	-2.36668
PIK3CA_027	215	190	1.132	-2.404	autosomal	0.000343904	552480	dc36e456	0.00089985	358	1111.3	PIK3CA_027	0.382179	-1.38768
PIK3CA_028	217	201	1.080	-2.323	autosomal	0.000363814	552480	dc36e456	0.00125559	484	796.438	PIK3CA_028	0.289755	-1.78709
PIK3CA_029	279	250	1.116	-2.008	autosomal	0.000452505	552480	dc36e456	0.00173704	642	575.692	PIK3CA_029	0.260504	-1.94062
PIK3CA_030	456	369	1.236	-1.447	autosomal	0.000667897	552480	dc36e456	0.00233480	927	428.302	PIK3CA_030	0.286062	-1.8056
PIK3CA_031	237	204	1.162	-2.302	autosomal	0.000369244	552480	dc36e456	0.00133107	502	751.275	PIK3CA_031	0.277404	-1.84994
PIK3CA_032	455	383	1.188	-1.393	autosomal	0.000693238	552480	dc36e456	0.00245013	984	408.142	PIK3CA_032	0.282939	-1.82144
PIK3CA_033	354	292	1.212	-1.784	autosomal	0.000528526	552480	dc36e456	0.00203832	874	490.6	PIK3CA_033	0.259295	-1.94733
PIK3CA_034	227	198	1.146	-2.345	autosomal	0.000358384	552480	dc36e456	0.00116184	422	860.704	PIK3CA_034	0.308462	-1.69684
PIK3CA_035	409	331	1.236	-1.604	autosomal	0.000599117	552480	dc36e456	0.00198665	773	503.36	PIK3CA_035	0.301571	-1.72943
PIK3CA_036	196	168	1.167	-2.582	autosomal	0.000304083	552480	dc36e456	0.00130452	524	766.565	PIK3CA_036	0.2331	-2.10098
PIK3CA_037	255	202	1.262	-2.316	autosomal	0.000365624	552480	dc36e456	0.00165358	586	604.748	PIK3CA_037	0.221111	-2.17716
PIK3CA_038	445	385	1.156	-1.385	autosomal	0.000696858	552480	dc36e456	0.00263853	1019	378.999	PIK3CA_038	0.264108	-1.9208
PIK3CA_039	372	305	1.220	-1.722	autosomal	0.000552056	552480	dc36e456	0.00216877	913	461.091	PIK3CA_039	0.254548	-1.97399
PIK3CA_040	293	250	1.172	-2.008	autosomal	0.000452505	552480	dc36e456	0.00168594	630	593.141	PIK3CA_040	0.268399	-1.89755
PIK3CA_041	474	385	1.231	-1.385	autosomal	0.000696858	552480	dc36e456	0.00299363	1101	334.043	PIK3CA_041	0.23278	-2.10296
PIK3CA_042	302	268	1.127	-1.908	autosomal	0.000485085	552480	dc36e456	0.00200561	782	498.601	PIK3CA_042	0.241864	-2.04773
PIK3CA_043	241	198	1.217	-2.345	autosomal	0.000358384	552480	dc36e456	0.00134088	481	745.779	PIK3CA_043	0.267275	-1.9036
PIK3CA_044	168	149	1.128	-2.755	autosomal	0.000269693	552480	dc36e456	0.00117450	452	851.426	PIK3CA_044	0.229624	-2.12265
PIK3CA_045	227	194	1.170	-2.374	autosomal	0.000351144	552480	dc36e456	0.00177658	671	562.879	PIK3CA_045	0.197652	-2.33897
PIK3CA_046	167	148	1.128	-2.765	autosomal	0.000267883	552480	dc36e456	0.00104499	410	956.947	PIK3CA_046	0.25635	-1.96381
PIK3CA_047	491	410	1.198	-1.295	autosomal	0.000742108	552480	dc36e456	0.00252036	919	396.769	PIK3CA_047	0.294445	-1.76393
PIK3CA_048	476	383	1.243	-1.393	autosomal	0.000693238	552480	dc36e456	0.00268799	1012	372.025	PIK3CA_048	0.257902	-1.95511
PIK3CA_049	388	321	1.209	-1.648	autosomal	0.000581017	552480	dc36e456	0.00249942	960	400.093	PIK3CA_049	0.232461	-2.10494
PIK3CA_050	131	117	1.120	-3.104	autosomal	0.000211772	552480	dc36e456	0.00081226	298	1231.13	PIK3CA_050	0.260719	-1.93943
PIK3CA_051	210	186	1.129	-2.435	autosomal	0.000336664	552480	dc36e456	0.00111015	414	900.779	PIK3CA_051	0.30326	-1.72137
PIK3CA_052	204	172	1.186	-2.548	autosomal	0.000311323	552480	dc36e456	0.00083975	325	1190.83	PIK3CA_052	0.370733	-1.43155
PIK3CA_053	437	340	1.285	-1.565	autosomal	0.000615407	552480	dc36e456	0.00237493	857	421.065	PIK3CA_053	0.259126	-1.94827
PIK3CA_054	275	239	1.151	-2.073	autosomal	0.000432595	552480	dc36e456	0.00213128	934	469.202	PIK3CA_054	0.202974	-2.30063
PIK3CA_055	402	322	1.248	-1.643	autosomal	0.000582827	552480	dc36e456	0.00266155	1000	375.721	PIK3CA_055	0.21898	-2.19113
PIK3CA_056	129	113	1.142	-3.154	autosomal	0.000204532	552480	dc36e456	0.00084048	322	1189.8	PIK3CA_056	0.243351	-2.03889
PIK3CA_057	212	178	1.191	-2.498	autosomal	0.000322184	552480	dc36e456	0.00106507	403	938.905	PIK3CA_057	0.3025	-1.72499
PIK3CA_058	415	341	1.217	-1.561	autosomal	0.000617217	552480	dc36e456	0.00311780	1186	320.739	PIK3CA_058	0.197966	-2.33668
PTEN_001	237	196	1.209	-2.359	autosomal	0.000354764	552480	dc36e456	0.00291862	1110	342.628	PTEN_001	0.121552	-3.04035
PTEN_002	162	143	1.133	-2.814	autosomal	0.000258833	552480	dc36e456	0.00146564	570	682.296	PTEN_002	0.176601	-2.50143
PTEN_003	193	166	1.163	-2.599	autosomal	0.000300463	552480	dc36e456	0.00235692	894	424.283	PTEN_003	0.127481	-2.97165
PTEN_004	95	90	1.056	-3.482	autosomal	0.000162902	552480	dc36e456	0.00137781	540	725.789	PTEN_004	0.118233	-3.0803
PTEN_005	156	131	1.191	-2.941	autosomal	0.000237113	552480	dc36e456	0.00194608	737	513.853	PTEN_005	0.121841	-3.03693
PTEN_006	155	129	1.202	-2.963	autosomal	0.000233493	552480	dc36e456	0.00178236	710	561.054	PTEN_006	0.131002	-2.93234
PTEN_007	112	99	1.131	-3.345	autosomal	0.000179192	552480	dc36e456	0.00118688	461	842.545	PTEN_007	0.150977	-2.7276
PTEN_008	280	224	1.250	-2.167	autosomal	0.000405445	552480	dc36e456	0.00310586	1153	321.972	PTEN_008	0.130542	-2.93741
PTEN_009	168	147	1.143	-2.775	autosomal	0.000266073	552480	dc36e456	0.00180879	722	552.856	PTEN_009	0.1471	-2.76513
PTEN_010	64	60	1.067	-4.067	autosomal	0.000108601	552480	dc36e456	0.00081140	308	1232.44	PTEN_010	0.133844	-2.90138
PTEN_011	185	157	1.178	-2.680	autosomal	0.000284173	552480	dc36e456	0.00116435	431	858.848	PTEN_011	0.244061	-2.03469
PTEN_012	214	179	1.196	-2.490	autosomal	0.000323994	552480	dc36e456	0.00176634	705	566.142	PTEN_012	0.183427	-2.44672
PTEN_013	174	145	1.200	-2.794	autosomal	0.000262453	552480	dc36e456	0.00210227	853	475.676	PTEN_013	0.124843	-3.00181
PTEN_014	106	93	1.140	-3.435	autosomal	0.000168332	552480	dc36e456	0.00168377	655	593.905	PTEN_014	0.0999733	-3.32231
PTEN_015	139	123	1.130	-3.032	autosomal	0.000222632	552480	dc36e456	0.00176803	645	565.601	PTEN_015	0.125921	-2.98941
PTEN_016	57	51	1.118	-4.302	autosomal	9.2311e-05	552480	dc36e456	0.00082538	330	1211.56	PTEN_016	0.111841	-3.16048
PTEN_017	196	161	1.217	-2.643	autosomal	0.000291413	552480	dc36e456	0.00262231	965	381.343	PTEN_017	0.111128	-3.16971
PTEN_018	164	138	1.188	-2.866	autosomal	0.000249783	552480	dc36e456	0.00168318	651	594.114	PTEN_018	0.148399	-2.75245
PTEN_019	115	102	1.127	-3.302	autosomal	0.000184622	552480	dc36e456	0.00138587	523	721.568	PTEN_019	0.133217	-2.90815
PTEN_020	27	24	1.125	-5.389	autosomal	4.34405e-05	552480	dc36e456	0.00096623	378	1034.95	PTEN_020	0.0449588	-4.47525
PTEN_021	75	72	1.042	-3.804	autosomal	0.000130321	552480	dc36e456	0.00074235	278	1347.07	PTEN_021	0.175552	-2.51003
PTEN_022	157	137	1.146	-2.876	autosomal	0.000247973	552480	dc36e456	0.00153702	584	650.61	PTEN_022	0.161334	-2.63188
PTEN_023	59	52	1.135	-4.274	autosomal	9.41211e-05	552480	dc36e456	0.00078395	313	1275.59	PTEN_023	0.12006	-3.05817
PTEN_024	204	174	1.172	-2.531	autosomal	0.000314944	552480	dc36e456	0.00194197	733	514.941	PTEN_024	0.162178	-2.62435
PTEN_025	46	42	1.095	-4.582	autosomal	7.60209e-05	552480	dc36e456	0.00064543	258	1549.35	PTEN_025	0.117783	-3.0858
PTEN_026	115	106	1.085	-3.246	autosomal	0.000191862	552480	dc36e456	0.00165113	617	605.646	PTEN_026	0.1162	-3.10532
PTEN_027	52	44	1.182	-4.515	autosomal	7.96409e-05	552480	dc36e456	0.00072647	258	1376.52	PTEN_027	0.109627	-3.18932
PTEN_028	119	114	1.044	-3.141	autosomal	0.000206342	552480	dc36e456	0.00203863	775	490.525	PTEN_028	0.101216	-3.30449
TERT_001	140	116	1.207	-3.116	autosomal	0.000209962	552480	dc36e456	0.00168847	655	592.252	TERT_001	0.12435	-3.00752
TERT_002	37	35	1.057	-4.845	autosomal	6.33507e-05	552480	dc36e456	0.00034548	136	2894.52	TERT_002	0.18337	-2.44717
TERT_003	57	52	1.096	-4.274	autosomal	9.41211e-05	552480	dc36e456	0.00083327	313	1200.09	TERT_003	0.112954	-3.14619
TP53_001	232	196	1.184	-2.359	autosomal	0.000354764	552480	dc36e456	0.00250707	972	398.872	TP53_001	0.141505	-2.82108
TP53_002	183	167	1.096	-2.591	autosomal	0.000302273	552480	dc36e456	0.00226288	992	441.915	TP53_002	0.133579	-2.90423
TP53_003	198	174	1.138	-2.531	autosomal	0.000314944	552480	dc36e456	0.00270330	1036	369.918	TP53_003	0.116504	-3.10155
TP53_004	227	185	1.227	-2.443	autosomal	0.000334854	552480	dc36e456	0.00276868	1081	361.183	TP53_004	0.120944	-3.04759
TP53_005	180	157	1.146	-2.680	autosomal	0.000284173	552480	dc36e456	0.00268766	1062	372.071	TP53_005	0.105732	-3.24152
TP53_006	76	70	1.086	-3.845	autosomal	0.000126701	552480	dc36e456	0.00084019	328	1190.21	TP53_006	0.1508	-2.72929
TP53_007	138	116	1.190	-3.116	autosomal	0.000209962	552480	dc36e456	0.00139913	565	714.73	TP53_007	0.150066	-2.73633
TP53_008	214	175	1.223	-2.523	autosomal	0.000316754	552480	dc36e456	0.00216958	890	460.919	TP53_008	0.145998	-2.77598
TP53_009	151	133	1.135	-2.919	autosomal	0.000240733	552480	dc36e456	0.00162618	623	614.938	TP53_009	0.148036	-2.75598
TP53_010	181	144	1.257	-2.804	autosomal	0.000260643	552480	dc36e456	0.00143381	553	697.442	TP53_010	0.181783	-2.45971
TP53_011	161	137	1.175	-2.876	autosomal	0.000247973	552480	dc36e456	0.00118098	464	846.754	TP53_011	0.209972	-2.25173
TP53_012	304	249	1.221	-2.014	autosomal	0.000450695	552480	dc36e456	0.00302242	1195	330.861	TP53_012	0.149117	-2.74548
TP53_013	203	176	1.153	-2.515	autosomal	0.000318564	552480	dc36e456	0.00171119	634	584.389	TP53_013	0.186165	-2.42535
TP53_014	223	187	1.193	-2.427	autosomal	0.000338474	552480	dc36e456	0.00246065	952	406.397	TP53_014	0.137555	-2.86192
TP53_015	253	222	1.140	-2.180	autosomal	0.000401825	552480	dc36e456	0.00251242	986	398.023	TP53_015	0.159935	-2.64444
TP53_016	116	106	1.094	-3.246	autosomal	0.000191862	552480	dc36e456	0.00148270	590	674.445	TP53_016	0.1294	-2.95009
TP53_017	274	218	1.257	-2.206	autosomal	0.000394584	552480	dc36e456	0.00288339	1110	346.814	TP53_017	0.136847	-2.86936
TP53_018	223	184	1.212	-2.451	autosomal	0.000333044	552480	dc36e456	0.00284289	1130	351.755	TP53_018	0.11715	-3.09357
TP53_019	237	197	1.203	-2.352	autosomal	0.000356574	552480	dc36e456	0.00256585	1012	389.734	TP53_019	0.138969	-2.84716
TP53_020	197	172	1.145	-2.548	autosomal	0.000311323	552480	dc36e456	0.00175665	703	569.265	TP53_020	0.177225	-2.49635
TP53_021	191	162	1.179	-2.634	autosomal	0.000293223	552480	dc36e456	0.00135341	518	738.874	TP53_021	0.216655	-2.20653
TP53_022	246	205	1.200	-2.295	autosomal	0.000371054	552480	dc36e456	0.00279304	1071	358.033	TP53_022	0.13285	-2.91213
TP53_023	267	229	1.166	-2.135	autosomal	0.000414495	552480	dc36e456	0.00286974	1121	348.464	TP53_023	0.144436	-2.7915
TP53_024	239	208	1.149	-2.274	autosomal	0.000376484	552480	dc36e456	0.00200574	775	498.569	TP53_024	0.187703	-2.41348
TP53_025	156	142	1.099	-2.824	autosomal	0.000257023	552480	dc36e456	0.00121654	490	822.003	TP53_025	0.211274	-2.24281
TP53_026	63	56	1.125	-4.167	autosomal	0.000101361	552480	dc36e456	0.00061429	246	1627.9	TP53_026	0.165005	-2.59942
TP53_027	147	130	1.131	-2.952	autosomal	0.000235303	552480	dc36e456	0.00111754	447	894.823	TP53_027	0.210554	-2.24774
TP53_028	299	237	1.262	-2.085	autosomal	0.000428975	552480	dc36e456	0.00312604	1202	319.894	TP53_028	0.137226	-2.86537
TP53_029	24	22	1.091	-5.515	autosomal	3.98204e-05	552480	dc36e456	0.00020213	73	4947.31	TP53_029	0.197004	-2.3437
TP53_030	128	116	1.103	-3.116	autosomal	0.000209962	552480	dc36e456	0.00160757	630	622.057	TP53_030	0.130608	-2.93668
